-0.41978186,0.28483066,-1.2879118,-0.27259958,-0.14422174,0.41367,-0.12001418,0.14021361,-0.98284185,-0.6666079,-1.4590234,0.44104618,-1.0755622,0.15968567,
-0.41733918,-0.48772368,-0.5933835,-0.27259958,-0.74026626,0.19427282,0.36716568,0.5571598,-0.8678816,-0.98732907,-0.3031176,0.44104618,-0.49243933,-0.10152427,
-0.4173415,-0.48772368,-0.5933835,-0.27259958,-0.74026626,1.282712,-0.26581243,0.5571598,-0.8678816,-0.98732907,-0.3031176,0.39642116,-1.2087274,1.3242469,
-0.4167503,-0.48772368,-1.3068799,-0.27259958,-0.835288,1.0163012,-0.809889,1.0777364,-0.7529214,-1.1061147,0.11300933,0.41615722,-1.3615167,1.1827583,
-0.41248176,-0.48772368,-1.3068799,-0.27259958,-0.835288,1.2285749,-0.5111802,1.0777364,-0.7529214,-1.1061147,0.11300933,0.44104618,-1.0265014,1.4875032,
-0.4170436,-0.48772368,-1.3068799,-0.27259958,-0.835288,0.2070945,-0.3511577,1.0777364,-0.7529214,-1.1061147,0.11300933,0.4105653,-1.0433222,0.671222,
-0.41024274,0.048772387,-0.47665608,-0.27259958,-0.26515836,-0.3884125,-0.070229344,0.83924377,-0.5230009,-0.57751876,-1.5052598,0.42679265,-0.031267647,0.03996439,
-0.40369558,0.048772387,-0.47665608,-0.27259958,-0.26515836,-0.16046731,0.9788072,1.0246376,-0.5230009,-0.57751876,-1.5052598,0.44104618,0.91069996,0.49708194,
-0.39593464,0.048772387,-0.47665608,-0.27259958,-0.26515836,-0.93120754,1.1174935,1.0871961,-0.5230009,-0.57751876,-1.5052598,0.3284423,2.421773,-0.6565955,
-0.40072924,0.048772387,-0.47665608,-0.27259958,-0.26515836,-0.39980963,0.61608964,1.3296344,-0.5230009,-0.57751876,-1.5052598,0.32931933,0.6233438,-0.3953856,
-0.39434615,0.048772387,-0.47665608,-0.27259958,-0.26515836,0.13158762,0.9147984,1.212979,-0.5230009,-0.57751876,-1.5052598,0.39302224,1.092926,-0.81985176,
-0.40684697,0.048772387,-0.47665608,-0.27259958,-0.26515836,-0.39268684,0.50940794,1.1559345,-0.5230009,-0.57751876,-1.5052598,0.44104618,0.08647834,-0.3953856,
-0.40960383,0.048772387,-0.47665608,-0.27259958,-0.26515836,-0.5636457,-1.0517008,0.7871433,-0.5230009,-0.57751876,-1.5052598,0.37087435,0.42850226,-0.09064048,
-0.34723014,-0.48772368,-0.43726048,-0.27259958,-0.14422174,-0.47816628,-0.24092,0.4337539,-0.63796115,-0.60127586,1.1764426,0.44104618,-0.6157923,-0.23212935,
-0.34627587,-0.48772368,-0.43726048,-0.27259958,-0.14422174,-0.268741,0.56630474,0.3170034,-0.63796115,-0.60127586,1.1764426,0.2559677,-0.33544472,-0.4715717,
-0.34750593,-0.48772368,-0.43726048,-0.27259958,-0.14422174,-0.6420017,-0.42939097,0.33444932,-0.63796115,-0.60127586,1.1764426,0.42701182,-0.58635575,-0.28654808,
-0.2978681,-0.48772368,-0.43726048,-0.27259958,-0.14422174,-0.49811143,-1.3966383,0.33444932,-0.63796115,-0.60127586,1.1764426,0.33085448,-0.8512842,0.06173197,
-0.32925746,-0.48772368,-0.43726048,-0.27259958,-0.14422174,-0.41975543,0.4667351,0.2200281,-0.63796115,-0.60127586,1.1764426,0.329758,0.28272155,-0.54775804,
-0.32710338,-0.48772368,-0.43726048,-0.27259958,-0.14422174,-1.180523,-1.1370462,6.927146E-4,-0.63796115,-0.60127586,1.1764426,-0.74211806,-0.13499632,-0.2538967,
-0.33605364,-0.48772368,-0.43726048,-0.27259958,-0.14422174,-0.79444003,0.03289634,6.927146E-4,-0.63796115,-0.60127586,1.1764426,0.37580845,-0.19246756,-0.4715717,
-0.2748425,-0.48772368,-0.43726048,-0.27259958,-0.14422174,-1.0181116,1.0499283,0.0013582283,-0.63796115,-0.60127586,1.1764426,0.21814087,1.172825,-0.97222424,
-0.32136267,-0.48772368,-0.43726048,-0.27259958,-0.14422174,-0.45537135,0.7334393,0.10327737,-0.63796115,-0.60127586,1.1764426,0.39313197,0.16497557,-0.31919926,
-0.27709082,-0.48772368,-0.43726048,-0.27259958,-0.14422174,-0.20320669,0.8223407,0.08644935,-0.63796115,-0.60127586,1.1764426,0.44104618,0.8504252,-0.79808426,
-0.30549055,-0.48772368,-0.43726048,-0.27259958,-0.14422174,-0.6719194,1.1174935,0.14268549,-0.63796115,-0.60127586,1.1764426,0.41517046,1.0130267,-0.8742705,
-0.33320716,-0.48772368,-0.43726048,-0.27259958,-0.14422174,-0.51378286,0.9076861,0.2873878,-0.63796115,-0.60127586,1.1764426,0.4128677,0.51120466,-0.7545492,
-0.322701,-0.48772368,-0.43726048,-0.27259958,-0.14422174,-0.9767967,0.6089773,0.313533,-0.63796115,-0.60127586,1.1764426,-0.5839021,0.5406413,-0.93957305,
-0.342325,-0.48772368,-0.43726048,-0.27259958,-0.14422174,-0.6719194,0.7725561,0.42163208,-0.63796115,-0.60127586,1.1764426,0.2215398,0.30234593,-0.6457117,
-0.3092913,-0.48772368,-0.43726048,-0.27259958,-0.14422174,-0.33854964,0.7192153,0.3129627,-0.63796115,-0.60127586,1.1764426,-0.5514477,0.6485752,-0.84161925,
-0.330562,-0.48772368,-0.43726048,-0.27259958,-0.14422174,0.2996974,0.9183544,0.3135806,-0.63796115,-0.60127586,1.1764426,0.3428056,0.02059663,-0.44980434,
-0.303859,-0.48772368,-0.43726048,-0.27259958,-0.14422174,0.55471116,0.6658745,0.21104345,-0.63796115,-0.60127586,1.1764426,0.25827047,-0.09434595,-0.1668268,
-0.28892133,-0.48772368,-0.43726048,-0.27259958,-0.14422174,-0.81438583,0.9076861,0.20819122,-0.63796115,-0.60127586,1.1764426,0.03832541,1.3942995,-1.070178,
-0.26286423,-0.48772368,-0.43726048,-0.27259958,-0.14422174,-0.30293304,1.1174935,0.18062,-0.63796115,-0.60127586,1.1764426,0.21989521,0.0542383,-0.8742705,
-0.25899246,-0.48772368,-0.43726048,-0.27259958,-0.14422174,-0.47674173,0.47740337,0.09267664,-0.63796115,-0.60127586,1.1764426,-1.3603983,2.1105874,-1.0157592,
-0.28648797,-0.48772368,-0.43726048,-0.27259958,-0.14422174,-0.83148116,0.93969065,-0.0037282142,-0.63796115,-0.60127586,1.1764426,0.022975035,0.79856104,-1.0266429,
-0.23282829,-0.48772368,-0.43726048,-0.27259958,-0.14422174,-0.268741,1.0072558,-0.016753333,-0.63796115,-0.60127586,1.1764426,-1.1881483,1.0775068,-0.983108,
-0.41304964,-0.48772368,-0.7553428,-0.27259958,-0.48111638,-0.5009605,-0.013332497,-0.2066632,-0.5230009,-0.76757574,0.34419057,0.44104618,-0.41674548,-0.3953856,
-0.40917793,-0.48772368,-0.7553428,-0.27259958,-0.48111638,-0.6320292,-0.25514415,-0.1982968,-0.5230009,-0.76757574,0.34419057,0.22899547,-0.17424496,-0.2756643,
-0.41119117,-0.48772368,-0.7553428,-0.27259958,-0.48111638,-0.61920744,-0.9627994,0.06615107,-0.5230009,-0.76757574,0.34419057,0.44104618,-0.5443036,-0.1668268,
-0.4001462,-0.48772368,-0.7553428,-0.27259958,-0.48111638,-0.4539468,-1.3646337,0.0248415,-0.5230009,-0.76757574,0.34419057,0.40299985,-0.35366732,0.235872,
-0.41730192,2.7312527,-1.1945298,-0.27259958,-1.0944378,0.44216314,-1.6633425,0.76346993,-0.7529214,-0.9279363,-0.071936354,0.42712158,-1.1680769,0.8997806,
-0.41660833,2.7312527,-1.1945298,-0.27259958,-1.0944378,1.0533423,-1.8767059,0.76346993,-0.7529214,-0.9279363,-0.071936354,0.42701182,-1.4960835,1.3460145,
-0.40568674,-0.48772368,-0.616729,-0.27259958,-0.9216712,0.69147867,-2.335437,0.9154929,-0.7529214,-1.0407826,-0.25688118,0.31506577,-1.0951865,0.4426632,
-0.40405053,-0.48772368,-0.616729,-0.27259958,-0.9216712,-0.16474098,-2.2038631,0.9154929,-0.7529214,-1.0407826,-0.25688118,0.29269838,-0.959218,0.30117434,
-0.40197212,-0.48772368,-0.616729,-0.27259958,-0.9216712,-0.10490557,-2.2074192,0.9154929,-0.7529214,-1.0407826,-0.25688118,0.4142931,-0.73073477,0.235872,
-0.4062395,-0.48772368,-0.616729,-0.27259958,-0.9216712,-0.3072074,-1.0161402,0.9154929,-0.7529214,-1.0407826,-0.25688118,0.35870406,-0.43496808,-0.14505923,
-0.40056863,-0.48772368,-0.616729,-0.27259958,-0.9216712,-0.8585498,-1.2366158,0.6205264,-0.7529214,-1.0407826,-0.25688118,0.44104618,-0.34245345,-0.35185063,
-0.39859727,-0.48772368,-0.616729,-0.27259958,-0.9216712,-0.7103858,-1.2543961,0.6205264,-0.7529214,-1.0407826,-0.25688118,0.44104618,0.20983113,-0.2756643,
-0.39383644,-0.48772368,-0.616729,-0.27259958,-0.9216712,-0.36276847,0.60186535,0.90051883,-0.7529214,-1.0407826,-0.25688118,0.3954344,0.8616391,-0.6457117,
-0.39097366,-0.48772368,-0.616729,-0.27259958,-0.9216712,-1.2617282,0.9503589,0.9863703,-0.7529214,-1.0407826,-0.25688118,0.44104618,2.5451262,-0.8851543,
-0.394942,-0.48772368,-0.616729,-0.27259958,-0.9216712,-0.9725224,-0.23380788,1.0898582,-0.7529214,-1.0407826,-0.25688118,0.44104618,0.4971875,-0.34096685,
-0.41019154,0.41358972,-0.8020338,-0.27259958,-0.9994162,-0.45822114,-0.81344503,1.4354516,-0.63796115,-0.9813898,-0.76548004,0.426354,0.11170952,-0.30831546,
-0.4154702,0.41358972,-0.8020338,-0.27259958,-0.9994162,-0.24167308,-0.19824731,1.4354516,-0.63796115,-0.9813898,-0.76548004,0.40892068,-0.45178893,-0.22124556,
-0.41427973,0.41358972,-0.8020338,-0.27259958,-0.9994162,0.32249233,-1.6882349,1.4354516,-0.63796115,-0.9813898,-0.76548004,0.44104618,-1.0335101,0.26852316,
-0.4147208,0.41358972,-0.8020338,-0.27259958,-0.9994162,-0.40835762,-1.6775666,1.4354516,-0.63796115,-0.9813898,-0.76548004,0.44104618,-0.5919627,0.094383135,
-0.41893464,2.7312527,-1.041325,-0.27259958,-1.2499279,-0.5650703,-0.74588,1.6755128,-0.7529214,0.36088762,1.222679,0.44104618,0.30094415,-0.3953856,
-0.41899168,3.3750482,-1.4469528,-0.27259958,-1.3103962,1.3738904,-1.6597863,2.3300483,-0.5230009,-1.0823575,-0.25688118,0.43041074,-1.0993918,1.4004333,
-0.41812587,3.1604497,-1.5169894,-0.27259958,-1.2499279,0.14013563,-1.1690506,2.5634546,-0.8678816,-0.56564015,-0.53429884,0.44104618,-0.964825,0.235872,
-0.41885087,3.804245,-1.432362,-0.27259958,-1.2412894,0.757013,-0.99836,2.153306,-0.5230009,-0.90417916,-1.5514957,0.39718875,-1.2199413,0.9868507,
-0.4025435,0.58526844,-0.8764475,-0.27259958,-0.8784796,-0.19893302,-1.4001943,1.910868,-0.1781202,-0.73787934,0.5753718,0.37284786,-0.8120355,0.08349934,
-0.4084983,0.58526844,-0.8764475,-0.27259958,-0.8784796,-0.50950855,-0.7601042,1.4912124,-0.1781202,-0.73787934,0.5753718,0.44104618,-0.48122543,-0.31919926,
-0.4031405,0.58526844,-0.8764475,-0.27259958,-0.8784796,-0.7744949,-0.08445362,1.6306856,-0.1781202,-0.73787934,0.5753718,0.4214199,0.06965737,-0.41715297,
-0.4005349,0.58526844,-0.8764475,-0.27259958,-0.8784796,-0.4539468,0.88279384,1.4372579,-0.1781202,-0.73787934,0.5753718,0.23469682,0.25048152,-0.7110143,
-0.40768486,0.58526844,-0.8764475,-0.27259958,-0.8784796,0.24413566,-0.027556505,1.6307331,-0.1781202,-0.73787934,0.5753718,0.44104618,-0.83025813,-0.03622173,
-0.40579614,0.58526844,-0.8764475,-0.27259958,-0.8784796,0.68008155,-0.8952343,1.9898267,-0.1781202,-0.73787934,0.5753718,0.42657316,-0.44197682,0.26852316,
-0.4182469,0.2633708,-1.4236073,-0.27259958,-1.197234,1.1673149,-0.3227093,2.5802352,-0.7529214,-1.1417503,0.066772915,0.40091658,-0.64522874,1.1392231,
-0.41634652,2.9458513,-1.1332479,-0.27259958,-1.3535877,0.007642465,-1.8055848,1.3388565,-0.63796115,-0.42309743,-1.0891333,0.44104618,-1.119016,0.10526693,
-0.41542134,2.9458513,-1.1332479,-0.27259958,-1.3535877,-0.7089606,-1.3326293,1.3388565,-0.63796115,-0.42309743,-1.0891333,0.44104618,-0.33824825,-0.34096685,
-0.41378048,0.048772387,-0.73929274,-0.27259958,-1.2585661,-0.5793172,-1.6775666,1.2849022,-0.63796115,-0.3755832,0.2054813,0.43348074,-0.63822,-0.057989314,
-0.40474412,0.048772387,-0.73929274,-0.27259958,-1.2585661,-0.98392016,-1.1299341,1.2849022,-0.63796115,-0.3755832,0.2054813,0.44104618,0.061247017,-0.55864185,
-0.40560293,0.048772387,-0.73929274,-0.27259958,-1.2585661,-0.5693439,-1.2650641,1.2849022,-0.63796115,-0.3755832,0.2054813,0.44104618,-0.5415002,-0.1777106,
-0.41024625,-0.48772368,-0.047682654,-0.27259958,-1.224013,0.18857393,-2.2038631,0.70937294,-0.63796115,-0.6131544,0.34419057,0.29664573,-0.8316599,0.18145326,
-0.4020419,-0.48772368,-0.047682654,-0.27259958,-1.224013,-0.46107027,-1.8162528,0.70937294,-0.63796115,-0.6131544,0.34419057,0.22219762,-0.38871077,-0.09064048,
-0.4098529,-0.48772368,-0.047682654,-0.27259958,-1.224013,-0.3129056,-2.1611903,0.70937294,-0.63796115,-0.6131544,0.34419057,0.37536976,-0.9998684,0.0290806,
-0.39777917,-0.48772368,-0.047682654,-0.27259958,-1.224013,-0.056467287,-2.2180872,0.70937294,-0.63796115,-0.6131544,0.34419057,0.22471955,-0.7167174,0.094383135,
-0.4113285,-0.48772368,0.24705406,-0.27259958,-1.0166929,-0.016577017,-2.2251995,0.2169857,-0.5230009,-0.06080132,0.11300933,0.41933697,-0.8232494,0.17056946,
-0.4094479,-0.48772368,0.24705406,-0.27259958,-1.0166929,0.0019435638,-0.8383374,0.3363509,-0.5230009,-0.06080132,0.11300933,0.29116356,-0.5204742,-0.12329185,
-0.40870196,-0.48772368,0.24705406,-0.27259958,-1.0166929,-0.008029004,0.21069916,0.122244515,-0.5230009,-0.06080132,0.11300933,0.18623453,-0.09574758,-0.2756643,
-0.4103847,-0.48772368,0.24705406,-0.27259958,-1.0166929,-0.20605649,-0.809889,0.14045116,-0.5230009,-0.06080132,0.11300933,0.3320604,-0.33404297,-0.18859439,
-0.4139469,-0.48772368,0.24705406,-0.27259958,-1.0166929,-0.074987866,-0.5289605,0.5795021,-0.5230009,-0.06080132,0.11300933,0.3259204,-0.043883305,-0.14505923,
-0.41075712,-0.48772368,0.24705406,-0.27259958,-1.0166929,-0.5850154,-1.1370462,0.3363509,-0.5230009,-0.06080132,0.11300933,0.43183616,-0.49804628,-0.24301313,
-0.4157309,0.58526844,-0.915843,-0.27259958,-1.1117146,0.63021874,-1.2472839,0.76327974,-0.63796115,-0.75569713,0.25171772,0.44104618,-1.0321083,0.5950357,
-0.41532475,0.58526844,-0.915843,-0.27259958,-1.1117146,0.4763552,0.064900905,0.76327974,-0.63796115,-0.75569713,0.25171772,0.42712158,-0.761573,0.14880188,
-0.41625923,0.58526844,-0.915843,-0.27259958,-1.1117146,0.02473849,-1.2935126,0.76327974,-0.63796115,-0.75569713,0.25171772,0.44104618,-0.8316599,0.24675559,
-0.4163849,0.58526844,-0.915843,-0.27259958,-1.1117146,-0.16759077,-0.7778844,0.76327974,-0.63796115,-0.75569713,0.25171772,0.37240952,-0.7209226,0.03996439,
-0.41463,-0.48772368,-0.9698295,-0.27259958,-0.91303295,0.14868365,-0.7316557,0.46793288,-0.7529214,-0.95763266,0.02053649,0.44104618,-0.42515597,0.14880188,
-0.41384333,-0.48772368,-0.9698295,-0.27259958,-0.91303295,0.49202666,-0.44361526,0.30549926,-0.7529214,-0.95763266,0.02053649,0.39061007,-0.8582929,0.4426632,
-0.4144799,-0.48772368,-0.9698295,-0.27259958,-0.91303295,-0.38413882,-0.8347814,0.3005079,-0.7529214,-0.95763266,0.02053649,0.43106857,0.029006982,-0.003570566,
-0.41219547,-0.48772368,-0.9698295,-0.27259958,-0.91303295,-0.23312508,-0.41872284,-0.022552777,-0.7529214,-0.95763266,0.02053649,0.42185855,-0.59056103,-0.03622173,
-0.4139306,-0.48772368,-1.1274115,-0.27259958,-0.5674999,1.0291228,0.6303139,-0.17747557,-0.8678816,-0.82102925,-0.3031176,0.44104618,-1.0026718,0.116150714,
-0.41434723,-0.48772368,-1.1274115,-0.27259958,-0.5674999,1.1316983,-0.19469132,-0.18089823,-0.8678816,-0.82102925,-0.3031176,0.43183616,-0.97463715,0.671222,
-0.41506642,-0.48772368,-1.1274115,-0.27259958,-0.5674999,0.18857393,-0.088009626,-0.33406216,-0.8678816,-0.82102925,-0.3031176,0.3892944,-0.53869665,0.007313225,
-0.41594154,-0.48772368,-1.1274115,-0.27259958,-0.5674999,0.17147857,0.18936287,-0.33415726,-0.8678816,-0.82102925,-0.3031176,0.4043155,-0.6242027,-0.057989314,
-0.41562617,0.7140275,0.5695136,-0.27259958,-0.7834582,0.22419052,-0.53251666,-0.061390467,-0.63796115,-0.82102925,-0.1181719,0.42032373,-0.6298097,0.03996439,
-0.4171716,0.7140275,0.5695136,-0.27259958,-0.7834582,-0.10490557,-1.4108624,-0.061390467,-0.63796115,-0.82102925,-0.1181719,0.43479642,-0.9031485,0.26852316,
-0.41552028,0.7140275,0.5695136,-0.27259958,-0.7834582,-0.050768387,0.31026882,-0.08558674,-0.63796115,-0.82102925,-0.1181719,0.44104618,-0.2891874,-0.21036176,
-0.40631515,-0.48772368,-1.2032843,-0.27259958,-0.94758636,0.48490322,-0.38316226,-0.142536,-0.8678816,-0.78539354,-0.21064474,0.0143134305,-0.841472,0.6385706,
-0.40712973,-0.48772368,-1.2032843,-0.27259958,-0.94758636,-0.17328899,0.03645234,-0.142536,-0.8678816,-0.78539354,-0.21064474,0.3854568,-0.18405707,-0.12329185,
-0.40645593,-0.48772368,-1.2032843,-0.27259958,-0.94758636,2.5421107,0.26404,-0.142536,-0.8678816,-0.78539354,-0.21064474,0.44104618,-1.183496,1.759597,
-0.41098985,-0.48772368,-1.2032843,-0.27259958,-0.94758636,2.1873705,-1.1263779,-0.142536,-0.8678816,-0.78539354,-0.21064474,0.40409634,-1.2732073,2.314668,
-0.41253415,-0.48772368,-1.2032843,-0.27259958,-0.94758636,1.6118081,-0.21602759,-0.142536,-0.8678816,-0.78539354,-0.21064474,0.44104618,-0.905952,1.1609907,
-0.4032173,-0.48772368,-0.37597856,-0.27259958,-0.29971173,0.63021874,0.40272623,-0.48356566,-0.5230009,-0.14395125,1.1302062,0.41758263,-0.4531907,0.5406169,
-0.40721354,-0.48772368,-0.37597856,-0.27259958,-0.29971173,0.70715016,0.09690546,-0.44634426,-0.5230009,-0.14395125,1.1302062,0.42657316,-0.6984948,0.4317794,
-0.3938958,-0.48772368,-0.37597856,-0.27259958,-0.29971173,0.17147857,0.59830934,-0.5135615,-0.5230009,-0.14395125,1.1302062,-3.134432,-0.28358045,-0.42803675,
-0.39589158,-0.48772368,-0.37597856,-0.27259958,-0.29971173,-0.21033014,0.66943043,-0.5135615,-0.5230009,-0.14395125,1.1302062,0.41440287,0.11030775,-0.35185063,
-0.40427163,-0.48772368,-0.37597856,-0.27259958,-0.29971173,-0.16759077,0.76188785,-0.6531774,-0.5230009,-0.14395125,1.1302062,0.3948863,-0.045285076,-0.26478052,
-0.4050839,-0.48772368,-0.37597856,-0.27259958,-0.29971173,-0.6177829,1.0001435,-0.8024908,-0.5230009,-0.14395125,1.1302062,0.4097977,0.53503424,-0.33008304,
-0.40059423,-0.48772368,-0.37597856,-0.27259958,-0.29971173,-0.6391526,0.829453,-0.75300485,-0.5230009,-0.14395125,1.1302062,0.42756024,0.84201485,-0.33008304,
-0.40525267,-0.48772368,-0.37597856,-0.27259958,-0.29971173,-0.22457707,0.5911971,-0.7951225,-0.5230009,-0.14395125,1.1302062,0.34006453,0.20142078,-0.23212935,
-0.40561923,-0.48772368,-0.37597856,-0.27259958,-0.29971173,0.2697797,1.0143678,-0.6475205,-0.5230009,-0.14395125,1.1302062,0.4228453,-0.053695425,-0.2974319,
-0.38983786,-0.48772368,-0.37597856,-0.27259958,-0.29971173,-0.079261534,0.8045604,-0.5941841,-0.5230009,-0.14395125,1.1302062,0.37887844,0.40607446,-0.34096685,
-0.40795717,-0.48772368,-0.37597856,-0.27259958,-0.29971173,-0.12769982,-0.5040681,-0.48356566,-0.5230009,-0.14395125,1.1302062,0.40365767,0.048631355,-0.09064048,
-0.40878224,-0.48772368,-0.16441011,-0.27259958,-0.06647675,0.6131227,0.46317908,-0.5312452,-0.40804067,0.14113422,-0.3031176,0.4266829,-0.34946215,0.0290806,
-0.40616968,-0.48772368,-0.16441011,-0.27259958,-0.06647675,-0.5294537,0.86501354,-0.68531233,-0.40804067,0.14113422,-0.3031176,0.41966587,0.498589,-0.40626937,
-0.39466852,-0.48772368,-0.16441011,-0.27259958,-0.06647675,-0.2744399,0.95391494,-0.59280545,-0.40804067,0.14113422,-0.3031176,0.44104618,0.62194204,-0.41715297,
-0.40395626,-0.48772368,-0.16441011,-0.27259958,-0.06647675,-0.04364493,0.55563647,-0.7313756,-0.40804067,0.14113422,-0.3031176,0.35157695,-0.30881175,-0.43892053,
-0.40057793,-0.48772368,-0.16441011,-0.27259958,-0.06647675,-0.508084,0.6978787,-0.63316435,-0.40804067,0.14113422,-0.3031176,-0.12899086,0.43551096,-0.4606881,
-0.40520492,-0.48772368,-0.16441011,-0.27259958,-0.06647675,-0.1547684,0.13957803,-0.50624084,-0.40804067,0.14113422,-0.3031176,0.40157443,-0.08593546,-0.14505923,
-0.4029473,-0.48772368,-0.16441011,-0.27259958,-0.06647675,-0.3755908,0.49873966,-0.4980169,-0.40804067,0.14113422,-0.3031176,0.41484153,-0.32983777,-0.3627342,
-0.40532133,-0.48772368,-0.16441011,-0.27259958,-0.06647675,-0.5878645,0.16091432,-0.62631905,-0.40804067,0.14113422,-0.3031176,-0.19784702,0.38084316,-0.23212935,
-0.40367115,-0.48772368,-0.16441011,-0.27259958,-0.06647675,-0.7887418,-0.12001418,-0.4924075,-0.40804067,0.14113422,-0.3031176,0.3818387,0.1341373,-0.35185063,
-0.41248873,-0.48772368,2.1176112,-0.27259958,0.22722629,-0.59071434,0.040008344,-0.73080516,-0.8678816,-1.3080503,0.29795414,0.3560724,0.2406694,-0.057989314,
-0.41217917,-0.48772368,2.1176112,-0.27259958,0.22722629,-0.39980963,0.5520805,-0.7594698,-0.8678816,-1.3080503,0.29795414,0.23020174,0.2266521,-0.24301313,
-0.4096958,-0.48772368,2.1176112,-0.27259958,0.22722629,-0.46107027,0.86501354,-0.8119981,-0.8678816,-1.3080503,0.29795414,0.23480658,0.73968804,-0.22124556,
-0.40301713,-0.48772368,2.1176112,-0.27259958,0.22722629,-0.6106595,1.0108118,-0.8797383,-0.8678816,-1.3080503,0.29795414,0.14950386,1.7881877,-0.5695256,
-0.40905574,-0.48772368,2.1176112,-0.27259958,0.22722629,-0.57789195,0.96813923,-0.8503129,-0.8678816,-1.3080503,0.29795414,0.24895069,0.69062716,-0.40626937,
-0.40084794,-0.48772368,2.1176112,-0.27259958,0.22722629,-0.42545366,0.70499104,-0.85668284,-0.8678816,-1.3080503,0.29795414,0.31078953,0.30234593,-0.12329185,
-0.37544015,-0.48772368,2.1176112,-0.27259958,0.22722629,-0.9568516,0.96102697,-0.9687273,-0.8678816,-1.3080503,0.29795414,0.028676717,2.0475092,-0.7436655,
-0.39035922,-0.48772368,1.5689923,-0.27259958,0.59867483,-0.842879,0.97525126,-0.9539433,-0.63796115,0.17083062,1.2689155,0.3885268,0.6359595,-0.6892467,
-0.382646,-0.48772368,1.5689923,-0.27259958,0.59867483,0.20851974,1.0748209,-0.94243944,-0.63796115,0.17083062,1.2689155,0.44104618,0.3836467,-0.4933393,
-0.31796342,-0.48772368,1.5689923,-0.27259958,0.59867483,-0.9226595,0.9290224,-0.86286265,-0.63796115,0.17083062,1.2689155,0.44104618,0.79715925,-0.896038,
-0.38094345,-0.48772368,1.5689923,-0.27259958,0.59867483,0.24698545,1.0783769,-0.7969765,-0.63796115,0.17083062,1.2689155,0.42065263,-0.0074380953,-0.3627342,
-0.28169107,-0.48772368,1.5689923,-0.27259958,0.59867483,0.05893054,1.0357041,-0.7244828,-0.63796115,0.17083062,1.2689155,0.44104618,-0.055097196,-0.31919926,
-0.3518513,-0.48772368,1.5689923,-0.27259958,0.59867483,0.12446485,1.0428164,-0.6976719,-0.63796115,0.17083062,1.2689155,0.3189034,-0.21489534,0.050848182,
-0.38213512,-0.48772368,1.5689923,-0.27259958,0.59867483,-0.65909773,0.95391494,-0.62993187,-0.63796115,0.17083062,1.2689155,0.3510289,0.33318406,-0.44980434,
-0.30691728,-0.48772368,1.5689923,-0.27259958,0.59867483,-0.75170064,1.0605966,-0.6888301,-0.63796115,0.17083062,1.2689155,-1.029713,0.6527802,-0.7545492,
-0.35560668,-0.48772368,1.5689923,-0.27259958,0.59867483,0.07175222,1.0534843,-0.8006844,-0.63796115,0.17083062,1.2689155,0.41659588,0.60371935,-0.4824555,
-0.3829707,-0.48772368,1.5689923,-0.27259958,0.59867483,-0.48813885,0.88634986,-0.86904246,-0.63796115,0.17083062,1.2689155,0.23656091,0.59530896,-0.55864185,
-0.37951556,-0.48772368,1.5689923,-0.27259958,0.59867483,0.24128655,1.0605966,-0.9247081,-0.63796115,0.17083062,1.2689155,0.4101266,0.27150765,-0.591293,
-0.3914473,-0.48772368,1.5689923,-0.27259958,0.59867483,-0.6092349,1.0534843,-1.0108451,-0.63796115,0.17083062,1.2689155,0.38775957,1.214877,-1.0048755,
-0.35714978,-0.48772368,1.5689923,-0.27259958,0.59867483,-0.19038501,1.0428164,-1.0107975,-0.63796115,0.17083062,1.2689155,0.44104618,0.81398,-0.51510686,
-0.38666436,-0.48772368,1.5689923,-0.27259958,0.59867483,-0.1576182,0.8899058,-1.0377984,-0.63796115,0.17083062,1.2689155,0.34434044,1.6129705,-0.92868924,
-0.23098725,-0.48772368,1.5689923,-0.27259958,0.59867483,-1.8030987,1.1174935,-1.1197996,-0.63796115,0.17083062,1.2689155,0.44104618,3.0497515,-0.8851543,
-0.034036063,-0.48772368,1.2319418,3.6684113,2.732342,-1.25603,1.1174935,-1.175798,-0.5230009,-0.031104917,-1.736441,0.44104618,1.9858327,-0.9939918,
0.05631032,-0.48772368,1.2319418,-0.27259958,2.732342,-1.1634271,1.1174935,-1.1329197,-0.5230009,-0.031104917,-1.736441,0.44104618,1.9297633,-0.7545492,
-0.09703003,-0.48772368,1.2319418,-0.27259958,2.732342,-1.9683594,1.0392604,-1.1642466,-0.5230009,-0.031104917,-1.736441,0.44104618,2.332062,-1.1681317,
-0.14362589,-0.48772368,1.2319418,-0.27259958,2.732342,-0.22030272,1.1174935,-1.1294496,-0.5230009,-0.031104917,-1.736441,-2.014861,2.123203,-0.95045674,
-0.16972722,-0.48772368,1.2319418,-0.27259958,2.732342,-0.9354819,1.1174935,-1.0831012,-0.5230009,-0.031104917,-1.736441,-2.0547712,0.56026554,-0.7545492,
-0.14487341,-0.48772368,1.2319418,-0.27259958,2.732342,-1.9355918,0.964583,-1.1096268,-0.5230009,-0.031104917,-1.736441,0.38414112,2.3657038,-0.86338675,
-0.14925252,-0.48772368,1.2319418,-0.27259958,2.732342,-1.5651809,0.89701813,-1.0769213,-0.5230009,-0.031104917,-1.736441,0.003458485,2.1960933,-0.51510686,
-0.10235645,-0.48772368,1.2319418,-0.27259958,2.732342,-0.97964585,0.9361347,-1.0787753,-0.5230009,-0.031104917,-1.736441,-0.052898157,1.2330997,-0.7763168,
-0.22773346,-0.48772368,1.2319418,-0.27259958,2.732342,-0.23169984,1.0214801,-1.0348986,-0.5230009,-0.031104917,-1.736441,0.176805,0.20282255,-0.11240806,
-0.24638575,-0.48772368,1.2319418,-0.27259958,2.732342,-1.2546054,1.1174935,-1.0474484,-0.5230009,-0.031104917,-1.736441,-0.16528286,0.08787997,-0.31919926,
-0.2894136,-0.48772368,1.2319418,3.6684113,2.732342,-1.8130713,0.69076675,-1.0386065,-0.5230009,-0.031104917,-1.736441,-0.14686282,-0.07472157,-0.7872005,
-0.17041035,-0.48772368,1.2319418,-0.27259958,2.732342,-0.82008404,1.0641526,-1.0324267,-0.5230009,-0.031104917,-1.736441,-1.0385941,0.43971616,-0.34096685,
-0.25598305,-0.48772368,1.2319418,3.6684113,2.732342,-0.22172727,0.97525126,-0.97243524,-0.5230009,-0.031104917,-1.736441,-0.3909296,0.3457997,-0.6021768,
-0.009136828,-0.48772368,1.2319418,3.6684113,2.732342,-0.18896046,0.49873966,-0.9742892,-0.5230009,-0.031104917,-1.736441,-2.9457352,0.33178243,-0.7545492,
-0.13578929,-0.48772368,1.2319418,-0.27259958,2.732342,-1.4426603,0.9041301,-0.97861505,-0.5230009,-0.031104917,-1.736441,-2.9389374,0.4887769,-1.0266429,
-0.27812538,-0.48772368,1.2319418,-0.27259958,0.43454662,0.9379445,1.0250361,-0.91163546,-0.5230009,-0.031104917,-1.736441,0.074069,-1.13023,2.0425742,
-0.26424673,-0.48772368,1.2319418,-0.27259958,0.43454662,-0.31148106,1.1174935,-0.9686797,-0.5230009,-0.031104917,-1.736441,-0.030530768,-0.8723103,0.19233684,
-0.25468317,-0.48772368,1.2319418,-0.27259958,2.732342,0.32106778,1.1174935,-0.9645917,-0.5230009,-0.031104917,-1.736441,0.08371769,-0.7377435,0.08349934,
-0.2723207,-0.48772368,1.2319418,3.6684113,0.43454662,-0.04934383,0.85434526,-0.9491421,-0.5230009,-0.031104917,-1.736441,-0.19466726,-1.0026718,0.48619816,
-0.2502214,-0.48772368,1.2319418,-0.27259958,0.43454662,1.7158082,0.79033643,-0.86714095,-0.5230009,-0.031104917,-1.736441,0.19467698,-1.5311269,2.9894605,
-0.2071156,-0.48772368,1.2319418,3.6684113,0.43454662,2.1617267,1.0534843,-0.83396024,-0.5230009,-0.031104917,-1.736441,0.3611159,-1.504494,2.9894605,
-0.2437441,-0.48772368,1.2319418,3.6684113,0.43454662,2.978056,0.9005741,-0.776298,-0.5230009,-0.031104917,-1.736441,0.34839752,-1.3082507,2.9894605,
-0.15956667,-0.48772368,1.2319418,-0.27259958,0.43454662,-0.6135086,0.825897,-0.65270203,-0.5230009,-0.031104917,-1.736441,0.4214199,-0.1420049,0.018197015,
-0.08024204,-0.48772368,1.2319418,-0.27259958,0.43454662,-0.26161823,0.86856955,-0.7185881,-0.5230009,-0.031104917,-1.736441,-1.2775077,-0.39852288,0.26852316,
-0.18658505,-0.48772368,1.2319418,-0.27259958,0.43454662,2.342658,0.9823632,-0.83148825,-0.5230009,-0.031104917,-1.736441,0.13842975,-1.2549846,2.9894605,
-0.21101296,-0.48772368,1.2319418,-0.27259958,0.43454662,-0.58074176,0.3778337,-0.65084803,-0.5230009,-0.031104917,-1.736441,-1.4151105,-0.07191803,0.13791808,
-0.15281238,-0.48772368,1.2319418,-0.27259958,0.43454662,0.048957292,0.9788072,-0.8057709,-0.5230009,-0.031104917,-1.736441,-0.6533067,-0.21769874,0.13791808,
-0.13545765,-0.48772368,1.2319418,-0.27259958,0.43454662,0.16720423,0.9468027,-0.7285233,-0.5230009,-0.031104917,-1.736441,-0.29203084,-0.1868606,-0.025338147,
-0.28000596,-0.48772368,1.2319418,-0.27259958,0.43454662,-0.58359087,0.9254664,-0.65084803,-0.5230009,-0.031104917,-1.736441,-0.7059355,0.24907988,-0.55864185,
-0.15124135,-0.48772368,1.2319418,-0.27259958,0.43454662,-0.5764674,1.0214801,-0.6685318,-0.5230009,-0.031104917,-1.736441,-0.0936856,-0.08733723,-0.373618,
-0.4043252,-0.48772368,-1.0340295,-0.27259958,-0.38609496,-1.0152625,0.708547,-0.5699402,-0.5230009,-0.6666079,-0.857952,0.44104618,0.28552496,0.06173197,
-0.4098366,-0.48772368,-1.0340295,-0.27259958,-0.38609496,0.18714936,0.5520805,-0.54607666,-0.5230009,-0.6666079,-0.857952,0.42569613,-0.50645673,0.116150714,
-0.41068727,-0.48772368,-1.0340295,-0.27259958,-0.38609496,-0.6063851,0.0044477833,-0.5196462,-0.5230009,-0.6666079,-0.857952,0.40080717,-0.42235243,0.007313225,
-0.41276222,-0.48772368,-1.0340295,-0.27259958,-0.38609496,0.37235516,-1.2615082,-0.3150474,-0.5230009,-0.6666079,-0.857952,0.37591785,-1.0265014,0.7474081,
-0.41234562,-0.48772368,-1.0340295,-0.27259958,-0.38609496,-0.37701538,-0.7601042,-0.114156455,-0.5230009,-0.6666079,-0.857952,0.40080717,-0.35647085,0.072615765,
-0.4142041,-0.48772368,-1.0340295,-0.27259958,-0.38609496,0.04325907,0.1715826,-0.22700898,-0.5230009,-0.6666079,-0.857952,0.42679265,-0.8919346,0.2249882,
-0.41278782,-0.48772368,-1.0340295,-0.27259958,-0.38609496,0.8196982,0.20714314,-0.4182025,-0.5230009,-0.6666079,-0.857952,0.37931678,-0.8036251,0.80182683,
-0.41379094,-0.48772368,-1.2660253,-0.27259958,-0.5761381,0.9906571,-0.36182585,-0.4592268,-0.7529214,-1.2783538,-0.3031176,0.44104618,-1.0671518,1.5963407,
-0.41285065,-0.48772368,-1.2660253,-0.27259958,-0.5761381,2.109014,0.5236322,-0.5010593,-0.7529214,-1.2783538,-0.3031176,0.426354,-0.7139139,1.879318,
-0.41250154,-0.48772368,-1.2660253,-0.27259958,-0.5761381,-0.20035759,-0.22669573,-0.56908464,-0.7529214,-1.2783538,-0.3031176,0.44104618,-0.44898552,1.4875032,
-0.40992388,-0.48772368,-1.2660253,-0.27259958,-0.5761381,1.2399726,0.840121,-0.5202642,-0.7529214,-1.2783538,-0.3031176,0.4105653,-1.09799,1.672527,
-0.4088707,-0.48772368,-1.2660253,-0.27259958,-0.5761381,0.39657465,0.96102697,-0.4506702,-0.7529214,-1.2783538,-0.3031176,0.44104618,-0.9774406,1.0848044,
-0.41084903,-0.48772368,-1.2660253,-0.27259958,-0.5761381,-0.9696733,0.7547759,-0.38369066,-0.7529214,-1.2783538,-0.3031176,0.3763565,0.18600158,0.4208956,
-0.41348022,-0.48772368,-1.2660253,-0.27259958,-0.5761381,-0.1875359,0.008004056,-0.24497797,-0.7529214,-1.2783538,-0.3031176,0.333705,0.06965737,0.76917565,
-0.4139981,-0.48772368,-1.2660253,-0.27259958,-0.5761381,2.2030416,-0.53251666,-0.28324524,-0.7529214,-1.2783538,-0.3031176,0.3942285,-1.1498543,2.9894605,
-0.41135296,1.4436622,-1.1230342,-0.27259958,-1.0166929,0.7085747,-0.97702366,-0.0030627006,-0.5230009,-0.06080132,-1.5052598,0.4078242,-0.83726686,1.0303856,
-0.40587875,1.4436622,-1.1230342,-0.27259958,-1.0166929,0.38660207,-1.4037504,0.36682194,-0.5230009,-0.06080132,-1.5052598,0.2868873,-1.1344352,0.790943,
-0.4107769,1.4436622,-1.1230342,-0.27259958,-1.0166929,1.282712,-1.0552568,0.36682194,-0.5230009,-0.06080132,-1.5052598,0.44104618,-1.018091,1.3460145,
-0.40996462,1.4436622,-1.1230342,-0.27259958,-1.0166929,0.94934225,-1.6740106,1.2762505,-0.5230009,-0.06080132,-1.5052598,0.23031116,-1.0587413,1.574573,
-0.41247478,1.4436622,-1.1230342,-0.27259958,-1.0166929,0.6473141,-1.3432975,1.2762505,-0.5230009,-0.06080132,-1.5052598,0.3622124,-1.1162126,0.8671294,
-0.41043475,1.4436622,-1.1230342,-0.27259958,-1.0166929,1.2727394,-1.50332,1.2762505,-0.5230009,-0.06080132,-1.5052598,0.37076458,-1.3713288,1.5092708,
-0.41797227,2.0874574,-1.1974479,-0.27259958,-1.3276728,0.7342188,-2.086513,1.1525595,-0.98284185,-0.85072565,-1.3203145,0.402342,-1.0685534,0.93243194,
-0.41884273,2.0874574,-1.1974479,-0.27259958,-1.3276728,0.4549855,-1.7700242,1.1525595,-0.98284185,-0.85072565,-1.3203145,0.21956629,-1.1596664,0.7147569,
-0.41891024,2.9458513,-1.5578439,-0.27259958,-1.146268,2.2657266,-1.3006247,0.88102853,-0.63796115,-0.91011846,-1.8751498,0.41177154,-1.3573115,2.9894605,
-0.4158496,2.9458513,-1.40318,-0.27259958,-1.3017577,1.4280275,-1.2259476,1.6704264,-0.8678816,-0.4706117,-2.707402,0.44104618,-1.2017186,1.1718743,
-0.41508737,2.9458513,-1.40318,-0.27259958,-1.3017577,1.1715885,-1.1370462,1.6704264,-0.8678816,-0.4706117,-2.707402,-0.025925923,-0.5667315,0.84536177,
-0.4161324,2.9458513,-1.40318,-0.27259958,-1.3017577,1.4095069,-1.0765933,1.6704264,-0.8678816,-0.4706117,-2.707402,0.38951388,-0.84567726,1.313363,
-0.41685155,3.5896466,-1.4104755,-0.27259958,-1.3103962,0.9835336,-1.8944862,1.8341435,-0.7529214,-0.037044197,-0.6730072,0.44104618,-1.1344352,1.3460145,
-0.4184482,3.5896466,-1.4104755,-0.27259958,-1.3103962,1.2114795,-1.9442708,1.8341435,-0.7529214,-0.037044197,-0.6730072,0.30289516,-1.1498543,1.1283395,
-0.41650826,3.0531507,-1.3287663,-0.27259958,-1.2067362,-0.17471355,-1.073037,1.176518,-0.8678816,-0.35776535,-1.736441,0.40672767,-0.73213655,0.17056946,
-0.4179839,3.0531507,-1.3287663,-0.27259958,-1.2067362,1.8881923,-1.8802619,1.176518,-0.8678816,-0.35776535,-1.736441,0.42438048,-1.3376873,2.1514118,
-0.41643262,3.5896466,-1.2339252,-0.27259958,-1.197234,2.2343843,-1.257952,0.6288929,-0.63796115,-1.0942361,-1.736441,0.39587307,-1.2395655,2.8262043,
-0.4181794,3.5896466,-1.2339252,-0.27259958,-1.197234,2.492248,-1.3041807,0.6288929,-0.63796115,-1.0942361,-1.736441,0.37142244,-1.369927,2.9894605,
-0.4046417,-0.48772368,-0.07978274,-0.27259958,-0.5674999,-0.5607966,-1.6455622,0.07147518,-0.63796115,-0.7794543,0.066772915,0.44104618,-0.24993877,0.007313225,
-0.39378756,-0.48772368,-0.07978274,-0.27259958,-0.5674999,0.05893054,-0.5716332,0.26613873,-0.63796115,-0.7794543,0.066772915,0.41878855,-0.23592134,0.20322064,
-0.39119244,-0.48772368,-0.07978274,-0.27259958,-0.5674999,-0.71465945,0.14669003,0.26613873,-0.63796115,-0.7794543,0.066772915,0.3591424,0.75791055,-0.003570566,
-0.4047057,-0.48772368,-0.07978274,3.6684113,-0.5674999,-0.31433016,-0.33693355,0.21113865,-0.63796115,-0.7794543,0.066772915,0.2702216,0.28131977,0.20322064,
-0.36981237,-0.48772368,-0.07978274,3.6684113,-0.5674999,-1.3400849,1.1174935,0.038009197,-0.63796115,-0.7794543,0.066772915,0.44104618,1.4629847,-0.2756643,
-0.40021488,-0.48772368,-0.07978274,3.6684113,-0.5674999,-0.46249482,0.836565,0.03900747,-0.63796115,-0.7794543,0.066772915,0.40102634,0.6471734,-0.09064048,
-0.37678662,-0.48772368,-0.07978274,3.6684113,-0.5674999,-1.2546054,0.712103,-0.061818313,-0.63796115,-0.7794543,0.066772915,0.4228453,1.5877392,-0.35185063,
-0.3952422,-0.48772368,-0.07978274,3.6684113,-0.5674999,-0.6804674,-0.5254045,-0.06771285,-0.63796115,-0.7794543,0.066772915,0.3756987,0.47335795,-0.014454356,
-0.40416455,-0.48772368,-0.07978274,-0.27259958,-0.5674999,0.12873851,-1.2899566,0.07147518,-0.63796115,-0.7794543,0.066772915,0.31945145,-0.45879766,0.6059194,
-0.38682145,-0.48772368,-0.07978274,-0.27259958,-0.5674999,-1.2432076,-2.0900693,-0.09865935,-0.63796115,-0.7794543,0.066772915,-0.08491424,2.368507,0.12703452,
-0.3974731,-0.48772368,-0.07978274,-0.27259958,-0.5674999,-0.1462204,-0.93079484,0.07147518,-0.63796115,-0.7794543,0.066772915,0.40519285,-0.44618198,0.26852316,
-0.41521072,-0.48772368,0.40171796,3.6684113,-0.040561575,-0.5650703,-0.44717124,-0.32464987,-0.5230009,-0.78539354,-0.95042485,0.39609224,0.120120004,0.08349934,
-0.41235608,-0.48772368,0.40171796,-0.27259958,-0.040561575,0.50912267,0.58764106,-0.17776085,-0.5230009,-0.78539354,-0.95042485,0.39587307,-0.41534385,0.671222,
-0.407636,-0.48772368,0.40171796,3.6684113,-0.040561575,-0.4753165,0.89701813,-0.430562,-0.5230009,-0.78539354,-0.95042485,0.44104618,0.73828626,-0.11240806,
-0.4072217,-0.48772368,0.40171796,3.6684113,-0.040561575,0.1258894,0.8472333,-0.20523709,-0.5230009,-0.78539354,-0.95042485,0.40639877,-0.30180305,0.050848182,
-0.37884524,-0.48772368,-0.7203246,3.6684113,-0.4120096,0.94934225,0.708547,-0.4436822,-0.1781202,-0.60127586,-0.4880624,0.3840317,-0.41254032,0.453547,
-0.3730708,-0.48772368,-0.7203246,3.6684113,-0.4120096,-0.17186444,0.8081167,-0.35512093,-0.1781202,-0.60127586,-0.4880624,0.4228453,1.2345012,-0.09064048,
-0.34795165,-0.48772368,-0.7203246,3.6684113,-0.4120096,0.84676677,0.32449284,-0.2485908,-0.1781202,-0.60127586,-0.4880624,0.36966842,-0.38170207,0.5406169,
-0.3489827,-0.48772368,-0.7203246,-0.27259958,-0.4120096,0.47493064,0.4347308,-0.2485908,-0.1781202,-0.60127586,-0.4880624,0.44104618,-0.70830697,0.82359445,
-0.38382137,-0.48772368,-0.7203246,-0.27259958,-0.43792477,2.822768,0.3458294,-0.42813772,-0.1781202,-0.60127586,-0.4880624,0.31111845,-1.1933081,2.4235055,
-0.35919678,-0.48772368,-0.7203246,-0.27259958,-0.43792477,3.4766872,0.51296395,-0.42813772,-0.1781202,-0.60127586,-0.4880624,0.27767727,-1.1246231,2.9894605,
-0.37604648,-0.48772368,-0.7203246,-0.27259958,-0.43792477,2.5007954,0.6374259,-0.27540165,-0.1781202,-0.60127586,-0.4880624,0.3366656,-1.3348837,1.6398754,
-0.37252733,-0.48772368,-0.7203246,-0.27259958,-0.43792477,1.2513697,0.40272623,-0.27540165,-0.1781202,-0.60127586,-0.4880624,0.16891065,-0.8821224,0.9868507,
-0.385816,-0.48772368,-0.7203246,-0.27259958,-0.43792477,1.9964659,-1.8340331,-0.19962783,-0.1781202,-0.60127586,-0.4880624,0.2284474,-1.2241464,2.630297,
-0.36910596,-0.48772368,-0.7203246,-0.27259958,-0.43792477,0.38090318,-1.6775666,-0.19962783,-0.1781202,-0.60127586,-0.4880624,0.2594764,-1.2465742,0.9759669,
-0.35802492,-0.48772368,-0.7203246,-0.27259958,-0.43792477,-0.4325771,-0.0168885,-0.05872841,-0.1781202,-0.60127586,-0.4880624,0.23765741,-0.14060327,0.19233684,
-0.3666412,-0.48772368,-0.7203246,-0.27259958,-0.43792477,1.6061099,0.29604456,-0.05872841,-0.1781202,-0.60127586,-0.4880624,0.21342628,-1.0377153,0.9977344,
-0.353569,-0.48772368,-0.7203246,-0.27259958,-0.4120096,2.9239187,0.16802658,0.020610638,-0.1781202,-0.60127586,-0.4880624,0.32054797,-1.4273983,2.0861094,
-0.3819431,-0.48772368,-0.7203246,-0.27259958,-0.4120096,2.7956994,0.064900905,-0.06804561,-0.1781202,-0.60127586,-0.4880624,0.2442361,-1.2199413,2.8044367,
-0.3683926,-0.48772368,-0.7203246,3.6684113,-0.4120096,0.6287935,-0.07378534,-0.06804561,-0.1781202,-0.60127586,-0.4880624,0.038654327,-0.64522874,0.70387316,
-0.38206178,-0.48772368,-0.7203246,-0.27259958,-0.4120096,-0.28298792,-0.25158817,-0.06804561,-0.1781202,-0.60127586,-0.4880624,0.22011438,-0.248537,0.15968567,
-0.35993576,-0.48772368,-0.7203246,3.6684113,-0.4120096,0.4934512,0.28182027,0.16778482,-0.1781202,-0.60127586,-0.4880624,0.34839752,-0.43636987,0.27940696,
-0.36095402,-0.48772368,-0.7203246,-0.27259958,-0.4120096,1.5291778,0.107573465,0.16778482,-0.1781202,-0.60127586,-0.4880624,0.36615974,-1.1106057,0.9759669,
-0.41092354,0.7998669,-0.9056294,-0.27259958,-1.0944378,0.27975225,-1.7806923,1.138441,-0.40804067,-0.6428508,-0.857952,0.24927962,-0.8821224,0.12703452,
-0.4097505,0.7998669,-0.9056294,-0.27259958,-1.0944378,0.4578346,-0.937907,1.138441,-0.40804067,-0.6428508,-0.857952,0.29719383,-0.74054694,0.08349934,
-0.4073334,0.7998669,-0.9056294,-0.27259958,-1.0944378,0.8724102,-0.5076242,1.20794,-0.40804067,-0.6428508,-0.857952,0.3790976,-0.17845012,-0.057989314,
-0.40816778,0.7998669,-0.9056294,-0.27259958,-1.0944378,-0.27016625,-0.12357019,1.20794,-0.40804067,-0.6428508,-0.857952,0.41604745,-0.035472956,-0.26478052,
-0.4085425,0.7998669,-0.9056294,-0.27259958,-1.0944378,0.10451903,-0.5574089,1.540413,-0.40804067,-0.6428508,-0.857952,0.17625692,-0.2008779,-0.03622173,
-0.4056716,0.7998669,-0.9056294,-0.27259958,-1.0944378,0.15438256,-2.1611903,1.540413,-0.40804067,-0.6428508,-0.857952,0.19774698,-1.0461258,0.12703452,
-0.39653513,0.4565094,-0.7699337,-0.27259958,-1.0685229,-0.9853447,0.28182027,1.9774671,-0.29308042,-0.4646724,0.29795414,0.17340608,-0.021455524,-0.53687423,
-0.39825165,0.4565094,-0.7699337,-0.27259958,-1.0685229,-0.9682487,0.057788625,1.9774671,-0.29308042,-0.4646724,0.29795414,0.35585323,0.81398,-0.43892053,
-0.38097024,0.4565094,-0.7699337,-0.27259958,-1.0685229,-0.25164565,-1.197499,2.0252893,-0.29308042,-0.4646724,0.29795414,0.36736566,-0.4896359,0.19233684,
-0.39764187,0.4565094,-0.7699337,-0.27259958,-1.0685229,-0.08353588,0.3778337,2.0252893,-0.29308042,-0.4646724,0.29795414,0.21342628,-0.35086393,-0.22124556,
-0.40138674,0.4565094,-0.7699337,-0.27259958,-1.0685229,0.21136884,-0.69253916,1.9164298,-0.29308042,-0.4646724,0.29795414,0.19774698,-0.43917328,0.21410441,
-0.39832145,0.4565094,-0.7699337,-0.27259958,-1.0685229,0.61739635,-1.8162528,1.9164298,-0.29308042,-0.4646724,0.29795414,0.40639877,-0.8540877,0.39912823,
-0.40419015,0.4565094,-0.7699337,-0.27259958,-1.0685229,0.28830028,-1.9762754,1.7121162,-0.29308042,-0.4646724,0.29795414,0.43424833,-0.94660234,0.20322064,
-0.39560297,0.4565094,-0.7699337,-0.27259958,-1.0685229,0.2184923,-2.1220737,1.7121162,-0.29308042,-0.4646724,0.29795414,0.22362305,-1.2704037,0.24675559,
-0.41095027,0.4565094,-0.7699337,-0.27259958,-1.0685229,0.9578896,-2.1967509,2.4299235,-0.29308042,-0.4646724,0.29795414,0.32252148,-1.2788142,0.76917565,
-0.37758258,0.4565094,-0.7699337,-0.27259958,-1.0685229,2.8127954,-2.139854,2.4299235,-0.29308042,-0.4646724,0.29795414,0.44104618,-1.2774124,2.2058306,
-0.4149093,2.9458513,-1.0938523,-0.27259958,-1.4054179,-0.25164565,-1.3006247,2.578999,-0.98284185,-0.5537616,-0.95042485,0.39707932,-0.8526859,-0.0688731,
-0.4163884,2.9458513,-1.0938523,-0.27259958,-1.4054179,-0.5821663,-1.759356,2.578999,-0.98284185,-0.5537616,-0.95042485,0.42218748,-0.47702026,-0.1777106,
-0.41872752,3.3750482,-1.0778023,-0.27259958,-1.3881412,1.6659453,-1.2223915,1.20794,-0.7529214,-0.9754505,-1.181606,0.32526255,-1.3376873,2.3364356,
-0.34935045,0.37067002,-1.0457022,-0.27259958,0.7973564,3.4467695,0.6516502,-0.94790614,-0.5230009,-0.8566649,-2.5224571,0.362103,-1.0559379,2.9894605,
-0.34330252,0.37067002,-1.0457022,-0.27259958,0.7973564,1.4935619,1.1174935,-0.90341157,-0.5230009,-0.8566649,-2.5224571,0.2918214,-0.68167394,1.4657356,
-0.34410086,0.37067002,-1.0457022,-0.27259958,0.7973564,0.79405415,1.1174935,-0.8482213,-0.5230009,-0.8566649,-2.5224571,0.3865533,-0.8064286,0.82359445,
-0.357663,0.37067002,-1.0457022,-0.27259958,0.7973564,1.308356,0.47029138,-0.8000189,-0.5230009,-0.8566649,-2.5224571,0.39609224,-0.42936116,1.226293,
-0.35836005,0.37067002,-1.0457022,-0.27259958,0.7973564,1.7599728,0.7405516,-0.7868511,-0.5230009,-0.8566649,-2.5224571,0.3475202,-0.755966,2.2384815,
-0.35998696,0.37067002,-1.0457022,-0.27259958,0.7973564,3.0108228,0.8152287,-0.7161637,-0.5230009,-0.8566649,-2.5224571,0.3309639,-0.9452006,2.8588555,
-0.32447916,0.37067002,-1.0457022,-0.27259958,0.7973564,1.4850138,0.9219104,-0.81584865,-0.5230009,-0.8566649,-2.5224571,0.4028904,-0.19667272,0.9215481,
-0.3565039,0.37067002,-1.0457022,-0.27259958,0.7973564,1.3126297,0.8187847,-0.886536,-0.5230009,-0.8566649,-2.5224571,0.34225753,-0.63822,1.5201544,
-0.33188516,0.37067002,-1.0457022,-0.27259958,0.7973564,-1.0323584,-0.20535944,-0.8597252,-0.5230009,-0.8566649,-2.5224571,0.39170656,-0.30881175,0.0290806,
-0.32908288,0.37067002,-1.0457022,-0.27259958,0.7973564,1.0390954,0.56986076,-0.79013115,-0.5230009,-0.8566649,-2.5224571,0.30037358,0.2995424,0.88889694,
-0.35321403,0.37067002,-1.0457022,-0.27259958,0.17539646,2.8669326,-0.056005064,-0.6528921,-0.5230009,-0.8566649,-2.5224571,0.30552685,-0.73073477,2.9894605,
-0.35761762,0.37067002,-1.0457022,-0.27259958,0.17539646,1.6887395,-0.5680772,-0.43878594,-0.5230009,-0.8566649,-2.5224571,0.36868134,-1.3306785,2.2820168,
-0.40996808,0.37067002,-0.60943353,3.6684113,-0.7834582,-0.5194811,-0.25158817,0.058212392,-0.7529214,-1.1001754,0.066772915,0.38008437,0.13974425,-0.19947797,
-0.38570312,0.37067002,-0.60943353,-0.27259958,-0.7834582,-0.6106595,-0.9414631,0.3013636,-0.7529214,-1.1001754,0.066772915,0.3505902,0.048631355,-0.15594302,
-0.40165207,0.37067002,-0.60943353,-0.27259958,-0.7834582,-0.06359074,-1.8589256,0.3013636,-0.7529214,-1.1001754,0.066772915,0.44104618,-0.8498824,0.29029074,
-0.40718096,0.37067002,-0.60943353,-0.27259958,-0.7834582,0.36095804,-0.3511577,0.058212392,-0.7529214,-1.1001754,0.066772915,0.4197753,-0.6900844,0.20322064,
-0.39469644,0.37067002,-0.60943353,3.6684113,-0.7834582,2.0035894,-0.5965256,0.27165303,-0.7529214,-1.1001754,0.066772915,0.3738346,-0.8512842,1.3786657,
-0.41394922,1.2290637,-0.6896836,3.6684113,-0.93030965,0.6743827,-1.2686201,0.13431896,-0.63796115,-0.9160577,-0.39558956,0.44104618,-1.2788142,1.0739207,
-0.40934086,1.2290637,-0.6896836,-0.27259958,-0.93030965,0.8111502,-0.91657066,0.22449653,-0.63796115,-0.9160577,-0.39558956,0.44104618,-1.3559097,1.0303856,
-0.4083342,1.2290637,-0.6896836,3.6684113,-0.93030965,1.3995343,-0.69609517,0.4716408,-0.63796115,-0.9160577,-0.39558956,0.35716888,-0.92557627,1.1609907,
-0.41338715,1.2290637,-0.6896836,3.6684113,-0.93030965,0.7712599,-1.4570912,0.5075788,-0.63796115,-0.9160577,-0.39558956,0.40321934,-1.1905047,1.1501067,
-0.41123307,1.2290637,-0.6896836,-0.27259958,-0.93030965,0.28117684,-1.2970687,0.1641245,-0.63796115,-0.9160577,-0.39558956,0.44104618,-0.7657782,0.7147569,
-0.39603472,0.37067002,-1.1390842,-0.27259958,-0.9657268,0.7513141,-1.2935126,0.14529994,-0.5230009,-1.1417503,-1.6439686,0.44104618,-1.0937848,1.3677816,
-0.4163535,0.37067002,-1.1390842,-0.27259958,-0.9657268,2.1873705,-0.14490648,0.42766908,-0.5230009,-1.1417503,-1.6439686,0.335898,-1.2465742,2.4888082,
-0.4162057,0.37067002,-1.1390842,-0.27259958,-0.9657268,0.97356105,-1.1157098,0.68912214,-0.5230009,-1.1417503,-1.6439686,0.3898428,-1.13023,1.4004333,
-0.41338482,0.37067002,-1.1390842,3.6684113,-0.9657268,1.9380552,-0.6712028,0.67353016,-0.5230009,-1.1417503,-1.6439686,0.22362305,-1.3517045,2.5541105,
-0.41877055,3.3750482,-1.448412,3.6684113,-1.3276728,2.33411,-1.5566608,0.99350107,-0.98284185,-1.2486575,-2.2450395,0.42591533,-1.3306785,2.9894605,
-0.419463,3.3750482,-1.1916115,-0.27259958,-1.3363111,1.1445199,-1.6989031,1.6696184,-0.98284185,-0.73194003,-1.4590234,0.41714397,-0.67326355,1.0521532,
-0.41924188,1.872859,-1.2966663,-0.27259958,-1.4313328,0.239862,-1.3041807,1.6696184,-0.98284185,-0.6428508,-1.4590234,0.41714397,-0.61999756,-0.057989314,
-0.4182306,2.9458513,-1.3681618,-0.27259958,-1.4658861,-0.077836975,-1.318405,2.5166783,-0.98284185,-0.9932684,-0.1181719,-0.16528286,0.038819235,-0.26478052,
-0.4160125,1.7655598,-0.8487247,-0.27259958,-1.2931194,-0.107754685,-1.3255172,1.6743245,-0.40804067,-0.6844258,-0.857952,0.44104618,-0.7727869,0.072615765,
-0.4151758,1.7655598,-0.8487247,-0.27259958,-1.2931194,0.04325907,-0.81700116,1.6743245,-0.40804067,-0.6844258,-0.857952,0.44104618,-0.70830697,-0.025338147,
-0.4155168,1.7655598,-0.8487247,-0.27259958,-1.2931194,0.39942375,-1.6242259,1.6743245,-0.40804067,-0.6844258,-0.857952,0.16496365,-0.44057503,0.24675559,
-0.41644192,2.9458513,-0.9027112,-0.27259958,-1.2412894,0.82112277,-1.4464229,0.628275,-0.63796115,-0.9695113,0.34419057,0.44104618,-1.3068489,0.6494544,
-0.41134015,2.9458513,-0.9027112,-0.27259958,-1.2412894,1.2299994,-1.4535351,0.628275,-0.63796115,-0.9695113,0.34419057,0.44104618,-1.2746089,1.6072242,
-0.41631043,2.9458513,-0.9027112,-0.27259958,-1.2412894,0.49202666,-1.6064456,0.628275,-0.63796115,-0.9695113,0.34419057,0.44104618,-1.114811,0.58415186,
-0.4108991,-0.48772368,0.4060952,-0.27259958,-1.0166929,-0.22457707,-1.7842484,0.8117673,-0.63796115,-0.70818293,-1.1353697,0.44104618,-0.5709367,0.14880188,
-0.4109759,-0.48772368,0.4060952,-0.27259958,-1.0166929,-0.39268684,-0.93435097,0.8117673,-0.63796115,-0.70818293,-1.1353697,0.44104618,-0.3158205,-0.09064048,
-0.40546796,-0.48772368,0.4060952,-0.27259958,-1.0166929,0.5604101,-1.3326293,1.0293438,-0.63796115,-0.70818293,-1.1353697,0.44104618,-0.8947381,0.66033816,
-0.41426575,-0.48772368,0.4060952,-0.27259958,-1.0166929,0.37662885,-0.6249741,1.0293438,-0.63796115,-0.70818293,-1.1353697,0.39664066,-0.7377435,0.49708194,
-0.40410522,-0.48772368,0.4060952,-0.27259958,-1.0166929,-0.70468694,-0.3760501,1.2002865,-0.63796115,-0.70818293,-1.1353697,0.44104618,0.44672486,-0.24301313,
-0.41299263,2.5166543,-1.2981254,-0.27259958,-1.3363111,0.08599845,-1.7237955,1.9170476,-0.5230009,-0.29837254,-1.6902045,0.12680756,-1.076964,-0.003570566,
-0.4140458,2.5166543,-1.2981254,-0.27259958,-1.3363111,1.0775611,-2.082957,1.9170476,-0.5230009,-0.29837254,-1.6902045,0.16342847,-1.1092039,0.70387316,
-0.41537714,2.5166543,-1.2981254,-0.27259958,-1.3363111,0.835369,-0.75299203,1.9170476,-0.5230009,-0.29837254,-1.6902045,0.37482136,-0.9227728,0.24675559,
-0.4164012,0.97154564,-0.73637456,-0.27259958,-1.0512463,0.43504035,-1.0019159,0.8065384,-0.29308042,-0.4706117,-1.0891333,0.42843723,-0.44197682,-0.057989314,
-0.4097342,0.97154564,-0.73637456,-0.27259958,-1.0512463,0.2996974,-1.7842484,0.8065384,-0.29308042,-0.4706117,-1.0891333,0.29532972,-0.558321,0.4208956,
-0.40888003,0.97154564,-0.73637456,-0.27259958,-1.0512463,0.9935062,-1.8091408,0.8065384,-0.29308042,-0.4706117,-1.0891333,0.37010676,-1.092383,1.1501067,
-0.41409934,0.92862594,-1.3068799,-0.27259958,-0.71435136,1.3553698,-0.97702366,0.10788836,-0.29308042,-1.1061147,-0.025699934,0.40574092,-0.8022234,1.4766191,
-0.41414124,0.92862594,-1.3068799,-0.27259958,-0.71435136,0.4720815,-0.37249413,-0.2020522,-0.29308042,-1.1061147,-0.025699934,0.40223226,-0.5218758,0.6385706,
-0.41178584,0.92862594,-1.3068799,-0.27259958,-0.71435136,1.617507,0.11824174,-0.3307821,-0.29308042,-1.1061147,-0.025699934,0.44104618,-0.86670333,1.1827583,
-0.41477782,0.92862594,-1.3068799,-0.27259958,-0.71435136,0.8040267,0.0613449,-0.29108882,-0.29308042,-1.1061147,-0.025699934,0.44104618,-0.7181191,0.6168032,
-0.36314768,-0.48772368,-0.18046023,-0.27259958,-0.0923914,0.49915013,0.49518365,-0.22700898,-0.63796115,-0.6190937,-0.025699934,0.44104618,-1.1372387,0.0290806,
-0.37985653,-0.48772368,-0.18046023,-0.27259958,-0.0923914,-0.44539878,0.2889323,-0.32921338,-0.63796115,-0.6190937,-0.025699934,0.43380967,-0.37609512,-0.24301313,
-0.11381805,-0.48772368,-0.18046023,-0.27259958,-0.0923914,-1.868633,-1.0943735,-0.6064011,-0.63796115,-0.6190937,-0.025699934,-0.0682482,-0.0018311503,-0.70013046,
-0.32853478,-0.48772368,-0.18046023,-0.27259958,-0.0923914,-0.23169984,-0.56096506,-0.5489289,-0.63796115,-0.6190937,-0.025699934,0.44104618,-0.93538845,-0.04710552,
-0.39006364,-0.48772368,-0.18046023,-0.27259958,-0.0923914,-0.3727417,0.77611214,-0.4568499,-0.63796115,-0.6190937,-0.025699934,0.4344675,-0.13079102,-0.34096685,
-0.3891687,-0.48772368,-0.18046023,-0.27259958,-0.0923914,-0.026549583,0.5058519,-0.25301173,-0.63796115,-0.6190937,-0.025699934,0.40256152,-0.6662548,-0.10152427,
-0.37755233,-0.48772368,-0.18046023,-0.27259958,-0.0923914,0.40227288,0.6658745,-0.09162397,-0.63796115,-0.6190937,-0.025699934,0.4277794,-0.47281507,0.13791808,
-0.39100972,-0.48772368,-0.18046023,-0.27259958,-0.0923914,-0.82578295,0.32449284,0.071284994,-0.63796115,-0.6190937,-0.025699934,0.4357835,-0.16162929,-0.6892467,
-0.38347924,-0.48772368,-0.18046023,-0.27259958,-0.0923914,-0.52802914,0.5200759,0.09676481,-0.63796115,-0.6190937,-0.025699934,0.37306735,0.7957575,-0.51510686,
-0.3919803,-0.48772368,-0.18046023,-0.27259958,-0.0923914,-0.71608406,0.11112947,0.11249959,-0.63796115,-0.6190937,-0.025699934,0.44104618,0.46074215,-0.2974319,
-0.37373298,-0.48772368,-0.18046023,-0.27259958,-0.0923914,0.13871108,-0.04889306,-0.124804676,-0.63796115,-0.6190937,-0.025699934,0.4225164,-0.32142743,0.06173197,
-0.36518535,-0.48772368,-0.18046023,-0.27259958,-0.0923914,-0.2445222,-0.3476017,0.09833362,-0.63796115,-0.6190937,-0.025699934,0.43370026,0.010784376,-0.1668268,
-0.4010132,-0.48772368,-0.5481516,-0.27259958,-0.53294647,0.20139627,-0.57874537,0.35431975,-0.5230009,-0.7200615,0.5291354,0.44104618,-0.7643765,0.13791808,
-0.3993851,-0.48772368,-0.5481516,-0.27259958,-0.53294647,0.13016307,-0.5076242,0.35431975,-0.5230009,-0.7200615,0.5291354,0.44104618,-0.81063384,0.06173197,
-0.37965405,-0.48772368,-0.5481516,-0.27259958,-0.53294647,-0.34709767,-0.66409063,0.44021887,-0.5230009,-0.7200615,0.5291354,0.44104618,-0.6942896,-0.23212935,
-0.38747665,-0.48772368,-0.5481516,-0.27259958,-0.53294647,-0.8215086,0.20358714,0.44021887,-0.5230009,-0.7200615,0.5291354,0.37778196,-0.12798762,-0.43892053,
-0.38082358,-0.48772368,-0.5481516,-0.27259958,-0.53294647,0.18572481,-1.0125842,0.44021887,-0.5230009,-0.7200615,0.5291354,0.44104618,-0.91576415,0.26852316,
-0.39818996,-0.48772368,-0.5481516,-0.27259958,-0.53294647,0.20851974,-1.9158224,0.7705054,-0.5230009,-0.7200615,0.5291354,0.40574092,-1.0615449,0.2249882,
-0.38520157,-0.48772368,-0.5481516,-0.27259958,-0.53294647,0.038984723,-1.4108624,0.7705054,-0.5230009,-0.7200615,0.5291354,0.44104618,-0.9115589,0.050848182,
-0.3924679,-0.48772368,-0.5481516,-0.27259958,-0.53294647,-0.28726158,-0.8845661,0.7705054,-0.5230009,-0.7200615,0.5291354,0.44104618,0.01919486,-0.03622173,
-0.4128169,-0.48772368,-1.1522161,-0.27259958,-0.8180113,-0.59356344,-1.5211003,0.67481357,-0.63796115,0.12925567,-0.71924365,0.2825016,-0.37609512,-0.35185063,
-0.4126924,-0.48772368,-1.1522161,-0.27259958,-0.8180113,0.0689031,-1.826921,0.67481357,-0.63796115,0.12925567,-0.71924365,0.20322916,-0.7447521,0.007313225,
-0.41522935,-0.48772368,-1.1522161,-0.27259958,-0.8180113,-0.20035759,-1.2935126,0.98808175,-0.63796115,0.12925567,-0.71924365,0.13042597,-0.49944803,-0.2974319,
-0.4146719,1.0144653,-0.74075186,-0.27259958,-1.0089184,-0.8243584,-1.4286427,1.3527372,-0.98284185,-0.6190937,-0.71924365,0.40946877,-0.031267647,-0.591293,
-0.41648382,1.0144653,-0.74075186,-0.27259958,-1.0089184,-0.3613439,-1.6100017,1.3527372,-0.98284185,-0.6190937,-0.71924365,0.061131135,-0.676067,-0.34096685,
-0.4146021,-0.48772368,-0.86769295,-0.27259958,-0.34290335,0.044683624,-1.0837053,1.2660774,-0.5230009,-1.0942361,0.806553,0.3622124,-0.9774406,-0.03622173,
-0.4161673,-0.48772368,-0.86769295,-0.27259958,-0.34290335,0.036135614,-1.0694811,1.2660774,-0.5230009,-1.0942361,0.806553,0.35881346,-0.8274547,-0.19947797,
-0.4159078,-0.48772368,-0.86769295,-0.27259958,-0.34290335,-0.3527959,-1.2117233,1.0411805,-0.5230009,-1.0942361,0.806553,0.44104618,-0.6508357,-0.15594302,
-0.4165292,-0.48772368,-0.86769295,-0.27259958,-0.34290335,-0.5921389,-0.7921087,0.6826572,-0.5230009,-1.0942361,0.806553,0.44104618,-0.39992467,-0.33008304,
-0.41697842,-0.48772368,-0.86769295,-0.27259958,-0.34290335,-0.5550977,-0.31915328,0.86515117,-0.5230009,-1.0942361,0.806553,0.41813073,-0.29339257,-0.43892053,
-0.41667002,-0.48772368,-0.86769295,-0.27259958,-0.34290335,-0.32145363,-1.1121538,0.48352507,-0.5230009,-1.0942361,0.806553,0.4327135,-0.5807488,-0.21036176,
-0.4141203,-0.48772368,-0.86769295,-0.27259958,-0.34290335,-0.4268782,-0.82411313,0.48352507,-0.5230009,-1.0942361,0.806553,0.44104618,-0.40833515,-0.38450179,
-0.4133592,-0.48772368,-0.86769295,-0.27259958,-0.34290335,-0.4510977,-0.35826984,0.48352507,-0.5230009,-1.0942361,0.806553,0.44104618,-0.4714133,-0.41715297,
-0.4190033,1.0144653,-1.40318,-0.27259958,-0.97350127,1.3624933,-0.685427,1.5415539,-0.98284185,-0.73787934,-1.3665509,0.41736314,-1.0040736,1.1065719,
-0.41761032,-0.48772368,-1.3491936,-0.27259958,-0.31698817,0.36380714,-0.31559715,1.1750444,-0.98284185,0.081741415,-1.181606,0.3649535,-0.56112456,-0.6565955,
-0.41755795,1.872859,-1.0734252,-0.27259958,-0.6106915,0.5860541,-0.43294698,0.920817,-0.5230009,-0.22710118,-0.39558956,0.44104618,-0.76717997,0.14880188,
-0.41696912,1.872859,-1.0734252,-0.27259958,-0.6106915,0.83964336,-1.439311,1.2694052,-0.5230009,-0.22710118,-0.39558956,0.34313452,-1.1274265,0.9433157,
-0.4168946,-0.48772368,-0.9844204,-0.27259958,-0.97350127,-0.38556337,-0.7138755,2.0053716,-0.7529214,-0.33400822,0.15924488,0.3175877,-0.2975979,-0.54775804,
-0.4133464,-0.48772368,-0.9844204,-0.27259958,-0.97350127,-0.55082405,-0.57874537,2.0053716,-0.7529214,-0.33400822,0.15924488,0.08700687,0.0023740253,-0.58040917,
-0.41834116,3.1604497,-1.0194386,-0.27259958,-1.0857997,0.32961512,-1.4535351,2.2533715,-0.63796115,-0.33994752,-0.25688118,0.39203548,-0.8821224,0.06173197,
-0.41877055,2.9458513,-1.3316845,-0.27259958,-1.0339695,0.49915013,-1.382414,2.1624331,-0.63796115,-0.76163644,-0.6730072,0.3756987,-0.9339867,0.21410441,
-0.41714367,1.2290637,-1.4425756,-0.27259958,-1.0857997,0.9322462,-1.2117233,2.375446,-0.98284185,-0.434976,0.5753718,0.36374757,-0.9480041,0.4426632,
-0.4132894,1.2290637,-1.4425756,-0.27259958,-1.0857997,0.29257396,-0.85967374,2.375446,-0.98284185,-0.434976,0.5753718,0.44104618,-0.93538845,0.03996439,
-0.41126567,2.0874574,-1.3783754,-0.27259958,-1.2412894,0.4193689,-1.1619385,3.2872992,-0.63796115,0.016409328,-0.071936354,0.15465713,-1.0040736,0.17056946,
-0.41208726,2.0874574,-1.3783754,-0.27259958,-1.2412894,-0.5707692,-1.7806923,3.2872992,-0.63796115,0.016409328,-0.071936354,0.39093897,-0.68167394,-0.42803675,
-0.4185285,3.3750482,-1.3302253,-0.27259958,-1.2499279,0.6316433,-1.1548265,3.9605167,-0.5230009,-1.3139895,-0.6730072,0.3046495,-1.1428456,0.82359445,
-0.4155121,2.9458513,-1.3462754,-0.27259958,-1.224013,-0.8856184,-1.6597863,3.228068,-0.63796115,-0.4409153,1.6388052,0.28644863,-0.64522874,-0.4715717,
-0.4081131,2.9458513,-1.3462754,-0.27259958,-1.224013,-0.49668688,-1.7451317,3.228068,-0.63796115,-0.4409153,1.6388052,0.21232978,-0.99285966,-0.21036176,
0.62485856,-0.48772368,1.0159961,3.6684113,1.8598707,-0.10348102,1.0250361,-0.79521763,1.6612436,1.5309259,0.806553,0.23085956,0.6934307,-0.51510686,
0.027484646,-0.48772368,1.0159961,3.6684113,1.8598707,0.15723166,0.7974484,-0.6131513,1.6612436,1.5309259,0.806553,0.38008437,0.08647834,-0.09064048,
0.18482937,-0.48772368,1.0159961,3.6684113,1.8598707,-0.22457707,0.5271882,-0.5097585,1.6612436,1.5309259,0.806553,0.42492858,-0.16443282,0.018197015,
0.07538504,-0.48772368,1.0159961,-0.27259958,1.8598707,-0.24594675,0.45251107,-0.61129737,1.6612436,1.5309259,0.806553,0.37350568,0.0023740253,0.007313225,
0.10804054,-0.48772368,1.0159961,-0.27259958,1.8598707,0.16150533,0.69076675,-0.6069715,1.6612436,1.5309259,0.806553,0.1961024,-0.68167394,0.26852316,
0.02598808,-0.48772368,1.0159961,-0.27259958,1.8598707,-0.047919273,0.8010044,-0.71283615,1.6612436,1.5309259,0.806553,-0.06605553,0.21543807,-0.28654808,
0.0075289737,-0.48772368,1.0159961,-0.27259958,1.8598707,-1.3144408,0.9823632,-0.80405945,1.6612436,1.5309259,0.806553,0.2644105,-0.34525698,-0.18859439,
0.070855804,-0.48772368,1.0159961,3.6684113,1.8598707,-0.68616635,0.7263273,-0.89861035,1.6612436,1.5309259,0.806553,-0.03985054,0.27851638,-0.62394434,
-0.01620417,-0.48772368,1.0159961,3.6684113,1.4106777,3.5550425,0.50940794,-0.89861035,1.6612436,1.5309259,0.806553,-0.023294583,-1.0321083,-0.0688731,
0.10966393,-0.48772368,1.0159961,-0.27259958,1.4106777,-3.8802512,0.68721074,-1.0371804,1.6612436,1.5309259,0.806553,-0.021649662,-0.77559036,0.5406169,
0.0097086355,-0.48772368,1.0159961,-0.27259958,1.4106777,-1.8828799,0.8116727,-0.97105664,1.6612436,1.5309259,0.806553,-0.44564167,0.18880512,-0.0688731,
1.1531045,-0.48772368,1.0159961,-0.27259958,0.65914285,-3.4500043,1.1174935,-1.0859534,1.6612436,1.5309259,0.806553,-2.4697723,0.09488869,0.06173197,
0.1495043,-0.48772368,1.0159961,-0.27259958,0.65914285,-1.8729073,1.1174935,-1.1706165,1.6612436,1.5309259,0.806553,0.20662808,-1.3166611,2.9894605,
0.2393165,-0.48772368,1.0159961,3.6684113,0.65914285,0.56753355,1.0036998,-1.1591127,1.6612436,1.5309259,0.806553,0.20454483,-1.2507794,2.9894605,
0.34041923,-0.48772368,1.0159961,3.6684113,0.65914285,1.0419445,1.0285921,-1.232462,1.6612436,1.5309259,0.806553,0.38786897,-1.3587133,2.9894605,
0.6538751,-0.48772368,1.0159961,-0.27259958,0.65914285,-0.09778211,1.1174935,-1.2482919,1.6612436,1.5309259,0.806553,0.10389207,-0.43777165,2.9894605,
0.5415691,-0.48772368,1.0159961,3.6684113,0.9787611,-0.58359087,0.74766356,-1.2670689,1.6612436,1.5309259,0.806553,-0.09642669,-0.52888453,2.9894605,
0.872168,-0.48772368,1.0159961,-0.27259958,0.9787611,-1.964085,1.1174935,-1.2458674,1.6612436,1.5309259,0.806553,0.44104618,3.100214,-0.95045674,
1.7321776,-0.48772368,1.0159961,-0.27259958,0.9787611,-3.058223,1.1174935,-1.2635512,1.6612436,1.5309259,0.806553,0.44104618,3.5487702,-0.95045674,
1.8614568,-0.48772368,1.0159961,-0.27259958,1.0046762,1.4650687,1.0428164,-1.1783174,1.6612436,1.5309259,0.806553,0.44104618,0.11030775,-0.81985176,
1.3585964,-0.48772368,1.0159961,-0.27259958,1.0046762,0.51909524,0.87923783,-1.164722,1.6612436,1.5309259,0.806553,0.069573574,1.4840107,-0.93957305,
0.72267383,-0.48772368,1.0159961,-0.27259958,1.0046762,0.72567075,1.0748209,-1.1584946,1.6612436,1.5309259,0.806553,0.44104618,1.2036631,-1.0048755,
2.3314996,-0.48772368,1.0159961,-0.27259958,1.0046762,0.13586196,0.9823632,-1.1451367,1.6612436,1.5309259,0.806553,0.44104618,1.547089,-1.0266429,
1.658688,-0.48772368,1.0159961,-0.27259958,1.0046762,-0.08780955,1.1174935,-1.1451367,1.6612436,1.5309259,0.806553,0.40639877,1.2793571,-1.3422718,
9.9339285,-0.48772368,1.0159961,-0.27259958,1.0046762,0.97356105,0.829453,-1.1306856,1.6612436,1.5309259,0.806553,0.44104618,0.6387628,-1.3205043,
1.4268377,-0.48772368,1.0159961,-0.27259958,1.0046762,0.3709306,1.0854889,-1.0818651,1.6612436,1.5309259,0.806553,0.44104618,1.1812353,-1.2660855,
0.64860576,-0.48772368,1.0159961,-0.27259958,1.2551876,-1.0665505,1.1174935,-1.0527725,1.6612436,1.5309259,0.806553,0.44104618,1.5344733,-1.2225505,
0.5095933,-0.48772368,1.0159961,-0.27259958,1.2551876,-1.0893447,1.1174935,-1.0752575,1.6612436,1.5309259,0.806553,0.44104618,1.66904,-1.113713,
1.9168271,-0.48772368,1.0159961,-0.27259958,1.2551876,-2.7305515,0.8045604,-1.119752,1.6612436,1.5309259,0.806553,-0.7767655,2.5198948,-1.4946442,
1.5359259,-0.48772368,1.0159961,-0.27259958,1.2551876,-1.4355369,1.0499283,-1.126122,1.6612436,1.5309259,0.806553,0.44104618,2.5451262,-1.6687843,
2.4182677,-0.48772368,1.0159961,-0.27259958,1.2551876,-2.3259485,1.1174935,-1.1065843,1.6612436,1.5309259,0.806553,0.44104618,2.1904864,-1.3096205,
2.2091799,-0.48772368,1.0159961,-0.27259958,1.2551876,-1.8301673,0.7441076,-1.0822455,1.6612436,1.5309259,0.806553,0.44104618,2.7105312,-1.6470168,
1.2475414,-0.48772368,1.0159961,-0.27259958,1.2551876,-2.001126,1.1174935,-1.0484468,1.6612436,1.5309259,0.806553,0.17812102,2.5184934,-1.3422718,
0.5281269,-0.48772368,1.0159961,-0.27259958,1.2551876,-1.2745506,1.0783769,-0.9825605,1.6612436,1.5309259,0.806553,0.44104618,1.1489954,-1.200783,
0.3896905,-0.48772368,1.0159961,-0.27259958,1.2551876,-0.81438583,1.0108118,-0.8882474,1.6612436,1.5309259,0.806553,0.4139642,0.6247456,-0.80896795,
0.19545192,-0.48772368,1.0159961,-0.27259958,1.2551876,-0.33285075,0.49518365,-0.7735408,1.6612436,1.5309259,0.806553,0.23798634,0.85603225,0.072615765,
0.9268401,-0.48772368,1.0159961,-0.27259958,1.2551876,-1.7788799,1.0108118,-0.9626426,1.6612436,1.5309259,0.806553,0.44104618,1.8260347,-1.3966905,
0.5855012,-0.48772368,1.0159961,-0.27259958,1.1947197,-0.13054961,0.85434526,-0.95256484,1.6612436,1.5309259,0.806553,0.44104618,0.35280845,-0.95045674,
1.1342056,-0.48772368,1.0159961,-0.27259958,1.1947197,-0.5664948,0.9290224,-0.95689064,1.6612436,1.5309259,0.806553,0.44104618,0.5182135,-1.070178,
0.5938789,-0.48772368,1.0159961,-0.27259958,1.1947197,0.26550603,1.0748209,-0.98370135,1.6612436,1.5309259,0.806553,0.3871017,0.6261474,-1.0266429,
0.26283202,-0.48772368,1.0159961,-0.27259958,1.1947197,0.17147857,0.97525126,-1.0069469,1.6612436,1.5309259,0.806553,0.44104618,0.94153833,-1.0919455,
0.4723003,-0.48772368,1.0159961,-0.27259958,1.1947197,-0.76594687,1.0783769,-1.027578,1.6612436,1.5309259,0.806553,0.39938176,1.0186338,-1.5272955,
4.042605,-0.48772368,1.0159961,-0.27259958,1.1947197,-1.1847968,1.1174935,-1.0959361,1.6612436,1.5309259,0.806553,0.44104618,2.5142877,-1.9082267,
0.73350346,-0.48772368,1.0159961,-0.27259958,1.1947197,-0.6163577,0.32804912,-1.0908022,1.6612436,1.5309259,0.806553,-0.20300029,2.42738,-1.766738,
2.494178,-0.48772368,1.0159961,-0.27259958,1.1947197,-0.4240291,1.1174935,-1.0487795,1.6612436,1.5309259,0.806553,0.44104618,1.9788241,-1.8429241,
1.2361951,-0.48772368,1.0159961,-0.27259958,1.1947197,0.083149344,1.1174935,-1.0557674,1.6612436,1.5309259,0.806553,0.44104618,1.0747032,-1.6687843,
0.6961663,-0.48772368,1.0159961,-0.27259958,1.1947197,0.17005333,1.1174935,-1.0249158,1.6612436,1.5309259,0.806553,0.21309702,1.0733014,-1.1354804,
2.4657364,-0.48772368,1.0159961,-0.27259958,1.1947197,-1.3329614,0.97525126,-0.99458736,1.6612436,1.5309259,0.806553,0.44104618,0.99760777,-1.549063,
4.4123697,-0.48772368,1.0159961,-0.27259958,1.1947197,-1.0736732,0.59830934,-1.0399376,1.6612436,1.5309259,0.806553,-0.29839036,2.0643299,-1.5272955,
7.4836445,-0.48772368,1.0159961,-0.27259958,1.1947197,-0.8571252,1.1174935,-1.1264547,1.6612436,1.5309259,0.806553,0.31024143,1.4475654,-1.9082267,
1.9902935,-0.48772368,1.0159961,-0.27259958,0.90101606,-3.058223,1.1174935,-1.2440135,1.6612436,1.5309259,0.806553,0.1485171,1.498028,-1.157248,
0.97027063,-0.48772368,1.0159961,-0.27259958,0.90101606,-0.963975,1.1174935,-1.1931015,1.6612436,1.5309259,0.806553,-0.26955405,-0.0733198,0.58415186,
0.4410972,-0.48772368,1.0159961,-0.27259958,0.36543983,-0.9511527,1.0428164,-1.1125264,1.6612436,1.5309259,0.806553,-0.46088195,1.9269598,-0.58040917,
1.2597141,-0.48772368,1.0159961,-0.27259958,0.36543983,0.8083011,1.1174935,-1.1073924,1.6612436,1.5309259,0.806553,-1.9441409,0.99900955,0.5406169,
5.5303206,-0.48772368,1.0159961,-0.27259958,0.36543983,-0.75170064,1.1174935,-1.1323494,1.6612436,1.5309259,0.806553,-3.8822014,-0.35647085,-0.81985176,
1.2146078,-0.48772368,1.0159961,-0.27259958,0.36543983,0.53049237,1.1174935,-1.0779196,1.6612436,1.5309259,0.806553,-3.526408,1.2008595,-0.58040917,
1.7685794,-0.48772368,1.0159961,-0.27259958,0.36543983,-2.3601406,1.1174935,-1.0653698,1.6612436,1.5309259,0.806553,-3.5950446,3.0441444,-0.50422305,
2.9142504,-0.48772368,1.0159961,-0.27259958,0.36543983,-1.6093448,1.1174935,-1.0484942,1.6612436,1.5309259,0.806553,-1.5975574,1.0410616,-0.6783631,
4.903104,-0.48772368,1.0159961,-0.27259958,1.1947197,-2.515428,1.1174935,-1.0157888,1.6612436,1.5309259,0.806553,-2.9428847,3.409998,-1.6905518,
1.6840458,-0.48772368,1.0159961,-0.27259958,1.073783,0.2127934,1.1174935,-0.9318862,1.6612436,1.5309259,0.806553,-3.61193,2.29842,-1.6687843,
0.84029335,-0.48772368,1.0159961,-0.27259958,1.073783,0.7085747,0.79033643,-0.9391118,1.6612436,1.5309259,0.806553,-3.6742074,1.8414539,-1.636133,
2.5982738,-0.48772368,1.0159961,-0.27259958,1.073783,-1.3970711,0.7298833,-1.0208753,1.6612436,1.5309259,0.806553,-2.5142877,1.9606014,-1.3205043,
8.136883,-0.48772368,1.0159961,-0.27259958,1.073783,-0.46676916,1.1174935,-0.9471455,1.6612436,1.5309259,0.806553,-3.730345,1.1167556,-1.4946442,
0.95411795,-0.48772368,1.0159961,-0.27259958,1.4106777,0.76841015,0.28182027,-0.9512338,1.6612436,1.5309259,0.806553,-3.3794854,1.4139237,-1.5381793,
0.86975914,-0.48772368,1.0159961,-0.27259958,1.4106777,0.1800259,1.1174935,-0.9203823,1.6612436,1.5309259,0.806553,-0.4158186,0.33178243,-0.634828,
0.39672408,-0.48772368,1.0159961,-0.27259958,1.4106777,-0.3969605,0.9503589,-0.912919,1.6612436,1.5309259,0.806553,-0.4023323,0.42710048,-0.9069218,
0.9815704,-0.48772368,1.0159961,-0.27259958,0.5122916,-0.90698874,0.67654246,-0.87650573,1.6612436,1.5309259,0.806553,-0.71404934,0.20282255,-0.18859439,
0.39996272,-0.48772368,1.0159961,-0.27259958,0.5122916,-0.25876844,0.58764106,-0.8429447,1.6612436,1.5309259,0.806553,-3.8830788,1.4910195,-0.9939918,
0.6026499,-0.48772368,1.0159961,-0.27259958,0.25314146,-1.0252349,0.07201291,-0.82312185,1.6612436,1.5309259,0.806553,-3.870689,0.63175416,-1.1790155,
1.4251968,-0.48772368,1.0159961,-0.27259958,1.073783,-0.55367315,0.95391494,-0.89628106,1.6612436,1.5309259,0.806553,-3.8265026,1.6452104,-1.549063,
1.0047287,-0.48772368,1.0159961,-0.27259958,0.25314146,-0.63772804,-0.31559715,-0.8544486,1.6612436,1.5309259,0.806553,-3.6404374,0.42569873,-1.3422718,
3.9623194,-0.48772368,1.0159961,-0.27259958,1.073783,-0.11772725,0.3600534,-0.9184808,1.6612436,1.5309259,0.806553,-3.7043595,0.26169553,-1.2660855,
0.43681696,-0.48772368,1.0159961,-0.27259958,1.073783,-0.13054961,0.33871713,-0.88392144,1.6612436,1.5309259,0.806553,-2.850126,1.2429119,-1.2552017,
0.6662793,-0.48772368,1.0159961,-0.27259958,1.073783,0.13586196,0.96102697,-0.8684245,1.6612436,1.5309259,0.806553,-3.2449527,1.6017567,-1.418458,
0.5677392,-0.48772368,1.0159961,-0.27259958,0.25314146,0.0902728,0.6232016,-0.8282558,1.6612436,1.5309259,0.806553,-2.9957328,0.69903755,-0.8742705,
0.75046486,-0.48772368,1.0159961,-0.27259958,0.25314146,0.7812325,0.9147984,-0.81138015,1.6612436,1.5309259,0.806553,-3.0189772,0.9863939,-0.9178055,
0.3293975,-0.48772368,1.0159961,-0.27259958,0.25314146,0.19997172,0.22136743,-0.7580437,1.6612436,1.5309259,0.806553,-2.8367496,-0.08733723,-0.70013046,
0.22896974,-0.48772368,1.0159961,-0.27259958,1.367486,0.21564251,0.68721074,-0.7031862,1.6612436,1.5309259,0.806553,-2.8121893,0.49999076,-0.896038,
1.1986297,-0.48772368,1.0159961,-0.27259958,1.367486,-0.109179236,0.93969065,-0.7476808,1.6612436,1.5309259,0.806553,-2.807365,0.35280845,-1.1790155,
0.87825435,-0.48772368,1.0159961,-0.27259958,1.600721,0.4906021,0.9254664,-0.7940292,1.6612436,1.5309259,0.806553,-2.7062736,1.4882159,-0.9939918,
1.2576776,-0.48772368,1.0159961,-0.27259958,1.600721,0.25125912,0.87923783,-0.85207176,1.6612436,1.5309259,0.806553,-3.6092987,0.75650877,-1.4075742,
1.3457023,-0.48772368,1.0159961,-0.27259958,1.600721,-0.18896046,1.1174935,-0.8940944,1.6612436,1.5309259,0.806553,-3.8085208,1.9339685,-1.505528,
1.1712471,-0.48772368,1.0159961,-0.27259958,1.600721,-0.49811143,0.68721074,-0.9385889,1.6612436,1.5309259,0.806553,-3.154716,2.9950838,-1.5381793,
0.67230046,-0.48772368,1.0159961,-0.27259958,1.600721,-0.93690646,0.9005741,-0.9402052,1.6612436,1.5309259,0.806553,0.44104618,1.433548,-1.0592942,
2.1456401,-0.48772368,1.0159961,-0.27259958,1.600721,-0.66479665,0.8472333,-0.9169121,1.6612436,1.5309259,0.806553,0.3812906,1.3256145,-1.3096205,
0.7111168,-0.48772368,1.0159961,-0.27259958,1.600721,0.17290314,1.0179238,-0.82236123,1.6612436,1.5309259,0.806553,0.32109606,0.96256435,-0.591293,
0.23889637,-0.48772368,1.0159961,-0.27259958,1.600721,-0.093508445,1.1174935,-0.8510259,1.6612436,1.5309259,0.806553,0.4277794,0.5518552,-0.44980434,
0.739321,-0.48772368,1.0159961,-0.27259958,1.600721,0.28545117,1.1174935,-0.8635757,1.6612436,1.5309259,0.806553,0.32953882,0.86864793,-0.7763168,
1.0693276,-0.48772368,1.0159961,-0.27259958,1.600721,-0.6135086,0.9965875,-0.9029363,1.6612436,1.5309259,0.806553,-1.2735605,1.5611064,-1.2769692,
0.8213943,-0.48772368,1.0159961,-0.27259958,1.600721,0.24841,0.9325787,-0.8590597,1.6612436,1.5309259,0.806553,-3.4385834,1.5877392,-1.1681317,
0.31124565,-0.48772368,1.0159961,-0.27259958,1.600721,0.08030023,0.9894755,-0.8190811,1.6612436,1.5309259,0.806553,-0.4239321,0.7200638,-0.83073556,
0.7344694,-0.48772368,1.0159961,-0.27259958,1.600721,-0.047919273,0.9965875,-0.75918466,1.6612436,1.5309259,0.806553,0.34916478,0.5308292,-1.0810617,
0.6651389,-0.48772368,1.0159961,-0.27259958,1.367486,-0.14194673,1.0712646,-0.72895116,1.6612436,1.5309259,0.806553,0.44104618,0.76772267,-0.9178055,
0.45530868,-0.48772368,1.0159961,-0.27259958,1.367486,0.18857393,1.0570407,-0.76536447,1.6612436,1.5309259,0.806553,-0.5752405,0.9331277,-1.0375267,
0.36124536,-0.48772368,1.0159961,-0.27259958,1.367486,0.661561,0.85434526,-0.69947827,1.6612436,1.5309259,0.806553,-3.9072,0.6710029,-0.9939918,
0.21268566,-0.48772368,1.0159961,-0.27259958,1.367486,0.52764326,1.0534843,-0.6844566,1.6612436,1.5309259,0.806553,-0.015180728,0.7116532,-0.79808426,
0.17184213,-0.48772368,1.0159961,-0.27259958,1.367486,0.017615033,0.825897,-0.67827684,1.6612436,1.5309259,0.806553,0.3115571,0.6471734,-0.70013046,
0.5393394,-0.48772368,1.0159961,-0.27259958,1.367486,1.5790414,1.0926012,-0.6381082,1.6612436,1.5309259,0.806553,0.21046568,0.5728812,-0.51510686,
0.6866144,-0.48772368,1.0159961,-0.27259958,1.367486,0.6316433,0.9076861,-0.6174772,1.6612436,1.5309259,0.806553,-3.837467,0.8490234,-0.83073556,
0.13253126,-0.48772368,1.0159961,-0.27259958,1.367486,0.34243748,0.6374259,-0.6461419,1.6612436,1.5309259,0.806553,-3.3524036,0.76772267,-0.9178055,
0.12280943,-0.48772368,1.0159961,-0.27259958,1.367486,-0.43970057,0.68721074,-0.5773085,1.6612436,1.5309259,0.806553,-3.795802,0.89107573,-1.070178,
0.5338105,-0.48772368,1.0159961,-0.27259958,1.367486,-0.49668688,0.41695052,-0.48290014,1.6612436,1.5309259,0.806553,-3.8723335,0.600916,-0.983108,
0.48163468,-0.48772368,1.0159961,-0.27259958,1.367486,0.023313934,0.5378562,-0.4810463,1.6612436,1.5309259,0.806553,-0.9261001,0.50139254,-0.83073556,
0.3709567,-0.48772368,1.0159961,-0.27259958,1.367486,-0.29011136,0.5627488,-0.51223046,1.6612436,1.5309259,0.806553,0.44104618,0.28692672,-0.2756643,
0.13948572,-0.48772368,1.0159961,-0.27259958,1.367486,0.59317756,0.76188785,-0.56927466,1.6612436,1.5309259,0.806553,-1.1122749,0.5280256,-0.66747934,
0.0092617655,-0.48772368,1.0159961,-0.27259958,1.367486,0.13016307,0.70499104,-0.5837259,1.6612436,1.5309259,0.806553,0.38107112,0.27991802,-0.5259904,
0.35393715,-0.48772368,1.0159961,-0.27259958,1.367486,0.046108183,0.51296395,-0.5041967,1.6612436,1.5309259,0.806553,0.44104618,0.18740335,-0.33008304,
0.25690863,-0.48772368,1.0159961,-0.27259958,1.367486,0.32534143,0.75833184,-0.47225192,1.6612436,1.5309259,0.806553,0.4072761,-0.33123955,-0.2538967,
0.49176955,-0.48772368,1.0159961,-0.27259958,0.8664627,-0.107754685,-0.11290191,-0.39533725,1.6612436,1.5309259,0.806553,0.44104618,0.07946962,-0.12329185,
-0.05235902,-0.48772368,1.0159961,-0.27259958,0.8664627,-0.74885154,-0.72454363,-0.34632668,1.6612436,1.5309259,0.806553,-0.2442264,0.20702772,-0.28654808,
0.01878925,-0.48772368,1.0159961,-0.27259958,0.8664627,-0.47389194,0.57341677,-0.4390236,1.6612436,1.5309259,0.806553,-3.669383,0.63035244,-0.38450179,
0.094117604,-0.48772368,1.0159961,-0.27259958,0.25314146,-0.40123487,0.9219104,-0.5964659,1.6612436,1.5309259,0.806553,-0.2783254,1.214877,-0.373618,
1.392077,-0.48772368,1.0159961,-0.27259958,0.21858807,-0.5109331,0.086237185,-0.42148247,1.6612436,1.5309259,0.806553,0.13228974,0.76772267,-0.373618,
1.1010741,-0.48772368,1.0159961,-0.27259958,0.21858807,-0.81438583,-0.42227882,-0.46174628,1.6612436,1.5309259,0.806553,0.44104618,0.2953372,-0.26478052,
0.08556538,-0.48772368,1.0159961,-0.27259958,0.21858807,-0.16759077,0.5485245,-0.36206135,1.6612436,1.5309259,0.806553,0.44104618,0.5098032,-0.28654808,
0.04944546,-0.48772368,1.0159961,-0.27259958,-0.19605157,-0.079261534,0.7867801,-0.3307346,1.6612436,1.5309259,0.806553,0.42383206,0.030408751,-0.31919926,
-0.0052185473,-0.48772368,1.0159961,-0.27259958,0.21858807,0.21706706,0.22847943,-0.42713934,1.6612436,1.5309259,0.806553,0.402342,0.23926763,0.072615765,
0.12025624,-0.48772368,1.0159961,-0.27259958,0.5122916,0.9906571,-0.03466878,-0.5999835,1.6612436,1.5309259,0.806553,0.19741806,-0.1392015,0.790943,
0.51696086,-0.48772368,1.0159961,-0.27259958,0.25314146,-1.2218379,0.95391494,-0.6489941,1.6612436,1.5309259,0.806553,-0.04489439,0.7691244,-0.95045674,
0.3234706,-0.48772368,1.0159961,-0.27259958,0.25314146,-0.17471355,1.0250361,-0.75538164,1.6612436,1.5309259,0.806553,-0.5911386,1.6045601,-1.0048755,
0.14638431,-0.48772368,1.0159961,-0.27259958,0.5122916,0.28402662,0.8899058,-0.70817757,1.6612436,1.5309259,0.806553,0.43348074,0.84481835,-0.634828,
1.3278041,-0.48772368,1.0159961,-0.27259958,0.5122916,-1.3970711,1.0214801,-0.8054381,1.6612436,1.5309259,0.806553,-0.07888364,1.7181009,-1.1463642,
0.7703298,-0.48772368,1.0159961,-0.27259958,0.5122916,-0.14194673,1.0001435,-0.77225727,1.6612436,1.5309259,0.806553,0.25245938,0.7537055,-0.86338675,
1.2475414,-0.48772368,1.0159961,-0.27259958,0.5122916,-0.079261534,0.69076675,-0.87650573,1.6612436,1.5309259,0.806553,0.29215032,0.06405042,-0.12329185,
0.25724146,-0.48772368,1.0159961,-0.27259958,-0.19605157,-0.060740955,-0.13779446,-0.17628713,1.6612436,1.5309259,0.806553,0.44104618,-0.2681614,0.050848182,
0.24376194,-0.48772368,1.0159961,-0.27259958,-0.19605157,0.66298556,0.22492343,-0.22025876,1.6612436,1.5309259,0.806553,0.39905283,-0.6886827,0.12703452,
0.24643622,-0.48772368,1.0159961,-0.27259958,-0.19605157,1.1060542,0.29960057,-0.1827522,1.6612436,1.5309259,0.806553,0.42328396,-0.7910094,0.26852316,
-0.092533365,-0.48772368,1.0159961,-0.27259958,-0.19605157,-0.74457717,-1.0054721,0.1441591,1.6612436,1.5309259,0.806553,0.39740825,-0.31301695,-0.07975689,
-0.14371547,-0.48772368,1.0159961,-0.27259958,0.24450323,-0.5892898,-0.94857514,-0.033771534,1.6612436,1.5309259,0.806553,0.15410903,0.096290454,-0.21036176,
0.0069994777,-0.48772368,1.0159961,-0.27259958,0.24450323,0.038984723,-0.5929695,0.09348473,1.6612436,1.5309259,0.806553,0.3502613,-0.29058915,-0.14505923,
0.24184994,-0.48772368,1.0159961,-0.27259958,0.24450323,-0.24309765,0.39917025,-0.1184347,1.6612436,1.5309259,0.806553,0.39477658,0.32617533,-0.373618,
0.14222515,-0.48772368,1.0159961,-0.27259958,0.24450323,-0.5408508,-0.5467408,-0.30554006,1.6612436,1.5309259,0.806553,0.34587562,-0.168638,-0.21036176,
-0.40296125,-0.48772368,2.4225616,-0.27259958,0.4691,-1.1833723,0.8579013,-0.93844634,-0.63796115,1.7981935,0.7603166,0.42120072,0.75791055,-0.79808426,
-0.399178,-0.48772368,2.4225616,-0.27259958,0.4691,-1.2403585,1.0570407,-0.96958303,-0.63796115,1.7981935,0.7603166,-0.13842037,1.5863374,-1.6905518,
-0.39637455,-0.48772368,2.4225616,-0.27259958,0.4691,-1.6976742,1.0463724,-0.93763816,-0.63796115,1.7981935,0.7603166,-0.41932726,2.3867297,-1.5708305,
-0.408212,-0.48772368,2.4225616,-0.27259958,0.4691,-0.429728,1.0748209,-0.9160089,-0.63796115,1.7981935,0.7603166,0.36659807,0.7593123,-0.97222424,
-0.40756267,-0.48772368,2.4225616,-0.27259958,0.4691,-0.429728,0.5307442,-0.80106467,-0.63796115,1.7981935,0.7603166,0.44104618,0.09769223,-0.26478052,
-0.4003487,-0.48772368,-0.21110119,-0.27259958,0.26177967,-0.82293385,-0.51829237,-0.6718593,-0.40804067,-0.10237628,0.34419057,0.44104618,-0.09014063,-0.07975689,
-0.38798285,-0.48772368,-0.21110119,-0.27259958,0.26177967,-0.5109331,-0.9236828,-0.6718593,-0.40804067,-0.10237628,0.34419057,0.44104618,0.1313339,0.21410441,
-0.39968768,-0.48772368,-0.21110119,-0.27259958,0.26177967,-0.8756458,-1.4144186,-0.47367802,-0.40804067,-0.10237628,0.34419057,0.401465,0.6934307,0.06173197,
-0.38681564,-0.48772368,-0.21110119,-0.27259958,0.26177967,-1.2745506,0.1538023,-0.47367802,-0.40804067,-0.10237628,0.34419057,0.44104618,1.1896456,-0.30831546,
-0.3892851,-0.48772368,-0.21110119,-0.27259958,0.26177967,-0.698988,0.07201291,-0.4289458,-0.40804067,-0.10237628,0.34419057,0.44104618,0.20282255,-0.4606881,
-0.39269015,-0.48772368,-0.21110119,-0.27259958,0.26177967,-0.37843993,-0.11645791,-0.6588342,-0.40804067,-0.10237628,0.34419057,0.44104618,0.037417468,-0.14505923,
-0.39982268,-0.48772368,-0.21110119,-0.27259958,0.26177967,-1.0195367,0.1751386,-0.66320765,-0.40804067,-0.10237628,0.34419057,0.4286564,0.3429963,-0.54775804,
-0.3944055,-0.48772368,-0.21110119,-0.27259958,0.26177967,-0.3670428,0.39561397,-0.6164789,-0.40804067,-0.10237628,0.34419057,0.44104618,0.23506245,-0.62394434,
-0.41322887,-0.48772368,0.11573575,-0.27259958,0.15812002,0.43931404,0.018672062,-0.6257961,-0.98284185,-0.8032114,1.1764426,0.38721114,-0.41814727,-0.014454356,
-0.4152491,-0.48772368,0.11573575,-0.27259958,0.15812002,-0.23454963,0.2889323,-0.71663916,-0.98284185,-0.8032114,1.1764426,0.44104618,-0.5008498,-0.21036176,
-0.4134465,-0.48772368,0.11573575,-0.27259958,0.15812002,0.9849582,0.7974484,-0.77368337,-0.98284185,-0.8032114,1.1764426,0.44104618,-0.98304754,0.14880188,
-0.407764,-0.48772368,0.11573575,-0.27259958,0.15812002,0.72567075,0.7369956,-0.6684367,-0.98284185,-0.8032114,1.1764426,0.40321934,-0.86530155,-0.057989314,
-0.41500008,-0.48772368,0.11573575,-0.27259958,0.15812002,-0.36276847,0.4347308,-0.6132463,-0.98284185,-0.8032114,1.1764426,0.44104618,-0.66905826,-1.157248,
